264348,24
264358,24
264368,24
264379,24
264389,24
264399,24
264409,25
264419,25
264429,26
264439,26
264449,26
264459,26
264469,26
264479,26
264489,26
264499,26
264510,26
264520,26
264530,26
264540,26
264550,26
264560,26
264570,26
264580,26
264590,26
264600,26
264610,26
264620,27
264631,27
264641,27
264652,27
264662,27
264672,27
264682,27
264692,27
264702,27
264712,27
264723,27
264733,27
264744,27
264754,27
264765,27
264775,28
264785,28
264795,28
264805,28
264815,28
264826,28
264837,28
264847,28
264857,28
264867,28
264877,28
264887,28
264897,28
264907,28
264917,28
264927,28
264937,28
264947,28
264957,28
264967,28
264977,28
264988,29
264998,29
265008,29
265018,29
265028,29
265039,29
265049,29
265060,29
265070,29
265080,29
265091,29
265101,29
265111,29
265121,29
265131,29
265141,29
265151,29
265161,29
265171,29
265181,29
265191,29
265201,29
265211,29
265222,29
265232,29
265242,29
265253,29
265263,29
265273,29
265283,29
265293,29
265303,29
265313,29
265323,29
265333,29
265343,29
265354,29
265364,29
265374,29
265384,29
265395,29
265405,29
265416,29
265427,29
265437,29
265447,29
265457,29
265468,29
265478,29
265488,29
265498,29
265508,29
265518,29
265529,29
265539,29
265550,29
265560,29
265570,29
265580,29
265591,29
265601,29
265611,29
265621,29
265631,29
265641,29
265651,29
265661,29
265671,29
265681,30
265692,30
265702,30
265713,30
265723,30
265733,30
265743,30
265753,30
265763,30
265773,30
265783,30
265793,30
265803,30
265813,31
265823,31
265833,31
265844,31
265856,31
265866,31
265877,31
265887,31
265897,31
265907,31
265918,31
265929,31
265939,31
265949,31
265960,31
265970,31
265980,31
265991,31
266001,31
266012,31
266022,31
266032,31
266042,31
266052,31
266062,31
266072,31
266083,31
266093,31
266104,31
266114,31
266124,31
266134,31
266145,31
266155,31
266165,31
266175,31
266185,31
266196,31
266207,31
266217,31
266227,31
266238,32
266248,32
266258,32
266268,32
266278,32
266288,32
266299,32
266309,32
266319,32
266329,32
266340,32
266350,32
266361,32
266371,32
266382,32
266392,32
266402,32
266412,32
266422,32
266432,32
266442,32
266452,32
266462,32
266472,32
266483,32
266493,32
266503,32
266513,32
266523,32
266534,32
266544,32
266554,32
266564,32
266575,32
266585,32
266595,32
266605,32
266615,32
266625,32
266635,32
266645,32
266655,32
266666,32
266676,32
266686,32
266696,32
266706,32
266716,32
266726,32
266737,32
266748,32
266758,32
266768,32
266778,32
266788,32
266799,32
266809,32
266819,32
266830,32
266840,32
266851,32
266861,32
266872,32
266882,32
266892,32
266903,32
266915,32
266925,32
266935,32
266945,32
266955,32
266966,32
266976,32
266987,32
266999,32
267009,32
267019,32
267029,32
267039,32
267050,32
267060,32
267071,32
267081,32
267091,34
267101,34
267112,34
267122,34
267132,34
267142,34
267152,34
267162,34
267173,34
267183,34
267194,34
267204,34
267215,34
267225,34
267235,34
267245,34
267255,34
267265,34
267275,34
267285,34
267295,34
267305,34
267315,34
267325,34
267336,34
267346,34
267357,34
267367,34
267377,34
267387,34
267397,34
267408,34
267418,34
267428,34
267438,34
267449,34
267459,34
267469,34
267480,34
267490,34
267501,34
267511,34
267521,34
267531,34
267541,34
267551,34
267562,34
267573,34
267583,34
267594,34
267604,34
267614,34
267624,34
267634,34
267644,34
267654,34
267664,34
267675,34
267685,34
267696,34
267707,34
267717,34
267727,34
267738,34
267749,34
267759,34
267769,34
267780,34
267790,34
267800,34
267810,34
267820,34
267831,34
267841,34
267851,34
267861,34
267872,34
267882,34
267893,35
267903,35
267914,35
267924,35
267934,35
267944,35
267955,35
267965,35
267975,35
267985,36
267995,36
268006,36
268016,36
268026,36
268037,36
268047,36
268057,36
268067,36
268078,36
268088,36
268098,36
268108,36
268118,36
268129,36
268139,36
268150,36
268160,36
268170,36
268180,36
268190,36
268200,38
268211,38
268221,38
268231,38
268241,38
268251,38
268261,38
268271,38
268282,38
268292,38
268303,38
268313,38
268323,38
268334,38
268344,38
268355,38
268365,38
268375,38
268386,38
268396,38
268406,38
268417,38
268427,38
268437,38
268448,38
268458,38
268468,38
268478,38
268489,38
268499,38
268509,38
268519,38
268529,38
268539,38
268550,38
268560,38
268571,38
268581,38
268591,38
268601,38
268611,38
268621,38
268631,38
268641,38
268652,38
268662,38
268672,38
268682,38
268692,38
268702,38
268712,38
268722,38
268732,38
268743,38
268753,38
268764,38
268774,38
268784,38
268795,38
268805,38
268816,38
268827,38
268837,38
268847,38
268857,38
268867,38
268877,38
268887,38
268897,38
268907,38
268918,38
268928,38
268939,38
268949,38
268959,38
268969,39
268979,39
268989,39
269000,39
269010,39
269020,39
269031,39
269041,39
269052,39
269062,39
269072,40
269083,40
269093,40
269103,40
269113,40
269123,40
269134,40
269144,40
269155,40
269165,40
269175,40
269185,40
269196,40
269206,40
269216,40
269226,40
269237,40
269247,40
269257,40
269267,40
269277,40
269287,40
269297,40
269308,40
269318,40
269328,40
269338,40
269348,40
269359,40
269369,40
269379,40
269389,40
269399,40
269409,40
269419,40
269429,40
269439,40
269449,40
269460,40
269470,40
269481,40
269493,40
269503,40
269513,40
269523,40
269534,40
269544,40
269554,40
269565,40
269575,40
269585,40
269595,40
269605,40
269615,40
269625,40
269635,40
269645,40
269655,40
269665,40
269675,40
269685,40
269695,40
269705,40
269715,40
269726,40
269736,40
269747,40
269757,40
269767,40
269777,40
269788,40
269798,40
269809,40
269819,40
269829,40
269839,40
269849,40
269859,40
269869,40
269879,40
269889,40
269899,40
269910,40
269920,40
269930,40
269940,40
269950,40
269960,40
269970,40
269980,40
269990,40
270000,40
270010,40
270021,40
270031,40
270042,40
270052,40
270063,40
270073,40
270084,40
270094,40
270104,40
270114,40
270125,40
270135,40
270146,40
270157,40
270167,40
270177,40
270187,40
270197,40
270207,40
270217,40
270227,40
270237,40
270247,40
270257,40
270267,40
270277,40
270287,40
270297,40
270308,41
270318,41
270328,41
270338,41
270349,41
270359,41
270370,41
270380,41
270391,41
270401,41
270412,41
270422,41
270432,41
270442,41
270452,41
270462,41
270472,41
270482,41
270493,41
270503,41
270513,41
270523,41
270533,41
270543,41
270553,41
270563,41
270573,41
270583,41
270593,41
270603,41
270614,41
270624,41
270634,41
270645,41
270655,41
270665,41
270675,41
270685,41
270695,41
270705,41
270715,41
270725,42
270735,42
270745,42
270755,42
270766,42
270776,42
270786,42
270797,42
270807,42
270817,42
270827,42
270838,42
270848,42
270858,42
270868,42
270878,43
270888,43
270898,43
270908,43
270919,43
270929,43
270939,43
270950,43
270961,43
270971,43
270981,43
270991,43
271001,43
271012,43
271022,43
271033,43
271043,43
271054,43
271064,43
271074,43
271084,43
271094,43
271104,43
271114,43
271125,43
271135,43
271145,43
271155,43
271165,43
271175,43
271185,43
271196,43
271207,43
271217,43
271227,43
271238,43
271248,43
271258,43
271268,43
271278,43
271288,43
271298,43
271308,43
271318,43
271328,43
271338,43
271349,43
271359,43
271370,43
271380,43
271391,43
271401,43
271411,43
271421,43
271431,43
271441,43
271451,43
271461,43
271472,43
271482,43
271492,43
271502,43
271513,43
271524,43
271534,43
271544,43
271555,43
271565,43
271575,43
271585,43
271595,43
271605,43
271616,43
271626,43
271636,43
271646,43
271656,43
271666,43
271676,43
271687,43
271698,43
271708,43
271719,43
271729,43
271740,43
271750,43
271761,43
271771,43
271782,43
271792,43
271803,43
271814,43
271824,43
271834,43
271844,43
271854,43
271864,43
271874,43
271885,43
271895,43
271906,43
271916,43
271926,43
271937,43
271947,43
271957,43
271967,43
271978,43
271989,44
271999,44
272009,44
272020,44
272030,44
272040,44
272050,44
272060,44
272070,44
272081,44
272091,44
272101,44
272112,44
272122,44
272133,44
272143,44
272154,44
272165,44
272175,45
272186,45
272197,45
272207,45
272218,45
272228,45
272238,45
272248,45
272258,45
272268,45
272278,45
272288,45
272299,45
272309,45
272319,45
272329,45
272339,45
272349,45
272359,45
272369,45
272379,45
272389,45
272400,45
272410,45
272421,45
272431,45
272442,45
272452,45
272462,45
272472,45
272482,45
272492,45
272502,45
272513,45
272524,45
272534,45
272544,45
272554,45
272564,45
272574,45
272584,45
272594,45
272604,46
272615,46
272625,46
272637,46
272648,46
272658,46
272668,46
272678,46
272689,46
272699,46
272710,46
272720,46
272731,46
272741,46
272751,46
272762,47
272772,47
272782,47
272792,47
272802,47
272812,47
272822,48
272832,50
272842,50
272853,50
272863,50
272873,50
272884,50
272895,50
272906,50
272916,50
272926,50
272936,50
272946,50
272956,50
272966,50
272976,50
272986,50
272997,50
273007,50
273017,50
273027,50
273037,50
273047,50
273057,50
273067,50
273078,50
273088,50
273098,50
273108,50
273118,50
273128,50
273138,50
273148,50
273158,50
273168,50
273178,50
273188,50
273199,50
273209,50
273219,50
273229,50
273239,50
273249,50
273259,50
273270,50
273281,50
273291,50
273301,50
273312,50
273323,50
273333,50
273344,50
273354,50
273364,50
273375,50
273386,50
273396,50
273407,50
273418,50
273429,50
273440,50
273450,50
273461,50
273472,50
273482,50
273492,50
273503,50
273513,50
273523,50
273533,50
273543,50
273554,50
273564,50
273575,50
273585,50
273596,50
273606,50
273617,50
273627,50
273637,50
273648,50
273658,50
273668,50
273678,50
273689,50
273699,50
273709,50
273719,51
273730,51
273740,51
273750,51
273760,51
273770,51
273780,51
273790,51
273801,51
273811,51
273821,51
273831,51
273842,52
273853,52
273863,52
273873,52
273883,52
273894,52
273904,52
273914,52
273924,52
273934,52
273944,52
273954,52
273964,52
273974,52
273984,52
273994,52
274004,52
274014,54
274024,54
274034,54
274044,54
274055,54
274065,54
274076,54
274086,54
274096,54
274106,54
274117,54
274127,54
274137,54
274147,54
274157,54
274167,54
274177,54
274188,54
274198,54
274209,54
274219,54
274230,54
274240,54
274250,54
274260,55
274270,55
274280,55
274290,55
274300,55
274310,55
274320,55
274330,55
274340,55
274351,55
274361,55
274372,55
274382,55
274392,55
274402,55
274412,55
274422,55
274432,55
274442,55
274452,55
274463,55
274474,55
274484,55
274495,55
274506,55
274516,55
274526,55
274536,55
274546,55
274556,55
274566,55
274576,55
274587,55
274598,55
274608,55
274618,55
274628,55
274638,55
274648,55
274659,55
274670,55
274681,55
274692,55
274702,55
274712,55
274722,55
274732,55
274742,55
274753,55
274763,55
274773,55
274783,55
274793,55
274804,55
274814,55
274824,55
274834,55
274845,55
274855,55
274865,55
274875,55
274885,55
274895,55
274905,55
274916,55
274926,55
274936,55
274946,55
274956,55
274966,55
274976,55
274986,55
274997,55
275007,55
275017,55
275027,55
275037,55
275048,55
275058,55
275068,55
275078,55
275088,55
275098,55
275109,55
275120,55
275130,55
275140,55
275150,55
275161,55
275171,55
275181,55
275191,55
275201,55
275212,55
275222,55
275232,55
275242,55
275252,55
275262,55
275272,55
275282,55
275293,56
275303,56
275315,56
275325,56
275336,56
275346,56
275357,56
275367,56
275377,56
275387,56
275397,56
275408,56
275418,56
275429,56
275439,56
275450,56
275461,56
275472,56
275482,56
275493,56
275503,56
275513,56
275523,56
275533,56
275543,56
275553,56
275563,56
275574,56
275584,56
275594,56
275605,56
275616,56
275626,56
275636,56
275646,57
275656,57
275666,57
275676,57
275686,57
275696,57
275706,57
275716,57
275727,57
275737,57
275747,57
275757,57
275768,57
275778,57
275789,57
275799,57
275810,57
275820,57
275830,57
275840,57
275851,58
275861,58
275872,58
275882,58
275892,58
275903,58
275913,58
275924,58
275934,58
275945,58
275955,58
275965,58
275975,58
275985,58
275995,58
276005,58
276015,58
276025,58
276035,58
276045,58
276055,58
276066,58
276076,58
276086,58
276096,58
276106,58
276117,58
276127,58
276137,58
276147,58
276158,59
276168,59
276178,59
276188,59
276199,59
276210,59
276220,60
276230,60
276240,60
276251,60
276262,60
276273,60
276283,60
276293,60
276303,60
276313,60
276323,60
276334,60
276345,60
276355,60
276365,60
276375,60
276386,60
276396,60
276407,60
276418,60
276428,60
276438,60
276449,60
276459,60
276469,60
276479,60
276489,60
276500,60
276511,60
276521,60
276531,60
276541,60
276551,60
276561,60
276571,60
276581,60
276592,60
276602,60
276612,60
276622,60
276632,60
276642,60
276652,60
276662,60
276672,60
276682,61
276693,61
276703,61
276713,61
276723,61
276733,61
276743,61
276754,61
276764,61
276774,61
276784,61
276794,61
276804,61
276814,61
276824,61
276834,61
276844,61
276854,61
276864,61
276875,61
276885,61
276896,61
276906,61
276917,61
276927,61
276937,61
276947,61
276957,61
276967,61
276977,61
276988,61
276998,61
277008,61
277018,61
277028,61
277038,61
277048,62
277058,62
277068,62
277078,62
277088,62
277099,62
277109,62
277120,62
277130,62
277140,62
277150,62
277160,62
277170,62
277180,62
277190,62
277200,62
277211,62
277222,62
277233,62
277243,62
277253,62
277264,62
277274,62
277284,62
277294,62
277304,62
277314,62
277324,62
277335,62
277345,62
277356,62
277367,62
277378,62
277389,62
277399,62
277409,62
277419,62
277430,62
277440,62
277450,62
277460,62
277471,62
277481,62
277492,62
277502,62
277512,62
277523,62
277534,62
277544,62
277554,62
277564,62
277574,62
277584,62
277595,63
277605,63
277616,63
277626,64
277636,64
277646,64
277656,64
277667,64
277678,64
277689,64
277700,64
277710,64
277720,64
277731,64
277741,64
277752,64
277762,64
277772,64
277782,64
277792,64
277802,64
277813,64
277824,64
277834,64
277844,64
277854,64
277864,64
277875,64
277886,64
277896,64
277906,64
277916,64
277926,64
277936,64
277946,64
277956,64
277966,64
277976,64
277986,64
277996,64
278006,64
278016,64
278027,64
278038,64
278048,64
278058,64
278068,64
278079,64
278090,64
278100,64
278110,64
278121,64
278132,64
278142,64
278152,64
278163,64
278174,64
278184,64
278194,64
278204,64
278215,64
278225,64
278235,64
278245,64
278256,64
278266,64
278276,64
278286,64
278296,64
278306,64
278316,64
278326,64
278336,64
278346,64
278356,64
278367,64
278377,64
278387,64
278397,64
278407,64
278417,64
278427,64
278438,64
278448,64
278459,64
278469,64
278479,64
278489,64
278500,64
278510,64
278520,64
278530,65
278540,65
278550,65
278560,65
278570,65
278580,65
278590,65
278600,65
278610,65
278621,65
278632,65
278642,65
278652,65
278662,65
278673,65
278683,65
278693,66
278703,66
278713,66
278724,66
278734,66
278744,66
278754,66
278764,66
278775,66
278785,66
278796,66
278806,66
278816,66
278826,66
278837,66
278847,66
278857,66
278867,66
278877,66
278887,66
278898,66
278908,66
278918,66
278928,66
278938,66
278948,66
278958,66
278968,66
278978,66
278988,66
278998,66
279008,66
279018,67
279028,67
279038,67
279048,67
279058,67
279068,67
279078,68
279088,68
279098,68
279108,68
279118,68
279129,68
279139,68
279149,68
279159,68
279170,68
279180,68
279190,68
279200,68
279210,68
279220,68
279230,68
279240,68
279250,68
279261,68
279272,68
279282,68
279293,68
279303,68
279313,68
279324,68
279334,68
279344,68
279354,68
279364,68
279375,68
279386,68
279396,68
279406,68
279416,68
279426,68
279437,68
279447,68
279458,68
279468,68
279478,68
279489,68
279499,68
279509,68
279520,68
279530,68
279541,68
279551,68
279562,68
279572,68
279582,69
279592,69
279602,69
279612,70
279622,70
279632,70
279642,70
279652,70
279662,70
279672,70
279683,70
279693,70
279703,70
279713,70
279723,70
279734,70
279744,70
279754,70
279764,70
279774,70
279784,70
279795,70
279805,70
279815,70
279826,70
279836,70
279847,70
279857,70
279868,70
279879,70
279889,70
279900,70
279910,70
279920,70
279931,70
279941,70
279951,70
279961,70
279971,70
279981,70
279992,70
280002,70
280012,70
280022,70
280032,70
280043,70
280053,70
280063,70
280073,70
280083,70
280093,70
280103,70
280113,70
280125,70
280136,70
280147,70
280157,70
280167,70
280177,71
280187,71
280197,71
280208,71
280218,71
280228,71
280239,71
280249,71
280259,71
280269,71
280279,71
280289,71
280299,71
280309,71
280319,71
280330,71
280340,71
280350,71
280360,71
280371,71
280381,71
280391,71
280401,71
280411,71
280421,71
280431,71
280441,71
280451,71
280461,71
280472,71
280482,71
280492,71
280502,71
280512,71
280522,71
280532,71
280543,71
280553,71
280563,71
280574,71
280584,71
280594,71
280604,71
280614,71
280625,71
280635,71
280646,71
280656,71
280666,71
280676,71
280686,71
280696,71
280706,71
280716,71
280726,71
280736,71
280747,71
280757,71
280767,71
280777,71
280787,71
280797,71
280807,71
280817,71
280827,71
280837,71
280847,71
280857,71
280867,71
280878,71
280888,71
280898,71
280908,71
280918,71
280928,71
280938,71
280949,71
280959,71
280969,71
280979,71
280989,71
281000,71
281010,71
281020,71
281030,71
281040,71
281050,71
281060,71
281071,71
281081,71
281092,71
281102,71
281112,72
281122,72
281132,72
281142,72
281152,72
281163,72
281174,73
281184,73
281194,73
281204,73
281214,73
281225,73
281235,73
281245,73
281255,73
281265,73
281275,73
281285,73
281295,73
281305,73
281316,73
281326,73
281337,73
281347,73
281358,73
281368,73
281378,73
281388,73
281399,73
281409,73
281419,73
281429,73
281439,73
281449,73
281459,73
281469,73
281479,73
281489,73
281500,73
281511,73
281522,73
281532,73
281542,73
281552,73
281562,73
281572,73
281582,73
281592,73
281603,73
281613,73
281623,73
281634,73
281644,73
281655,73
281665,73
281675,73
281685,73
281695,73
281705,73
281715,73
281725,73
281735,73
281745,73
281755,73
281765,73
281776,74
281786,74
281796,74
281806,74
281816,74
281826,74
281836,74
281846,74
281856,74
281866,74
281876,74
281886,74
281896,74
281906,74
281916,74
281926,74
281937,74
281947,74
281958,74
281968,74
281978,74
281989,74
281999,74
282009,74
282020,74
282030,74
282040,74
282050,74
282060,74
282070,74
282080,74
282090,74
282100,74
282111,74
282121,74
282131,74
282141,74
282151,74
282162,74
282172,74
282183,74
282193,74
282203,74
282213,74
282223,74
282234,74
282244,74
282254,74
282264,74
282274,74
282284,74
282294,74
282305,74
282315,74
282325,74
282335,74
282345,74
282356,74
282366,74
282376,74
282387,74
282397,74
282407,74
282417,74
282427,74
282437,74
282447,74
282457,75
282467,75
282477,75
282487,75
282497,75
282507,75
282517,75
282528,75
282538,75
282548,75
282558,75
282568,75
282579,75
282589,75
282599,75
282610,75
282620,75
282631,75
282641,75
282652,75
282663,75
282673,75
282683,75
282694,75
282704,75
282714,75
282724,75
282734,75
282745,75
282756,75
282766,75
282776,75
282786,75
282797,75
282807,75
282818,75
282829,75
282839,75
282849,75
282859,75
282870,75
282880,75
282891,75
282901,75
282912,75
282922,75
282933,75
282943,75
282953,75
282963,75
282973,75
282984,75
282994,75
283004,75
283014,75
283024,75
283034,75
283044,75
283055,75
283066,75
283076,75
283086,75
283096,75
283107,76
283117,76
283127,76
283137,76
283147,76
283157,76
283168,76
283178,76
283188,76
283198,76
283208,76
283218,76
283229,76
283239,76
283250,76
283260,76
283270,76
283280,76
283290,76
283300,76
283310,76
283320,76
283330,77
283341,77
283351,77
283362,77
283373,77
283383,77
283393,77
283403,77
283413,77
283424,77
283434,77
283444,77
283454,77
283464,77
283474,77
283484,77
283494,77
283505,77
283515,77
283525,77
283535,77
283545,77
283555,77
283565,77
283575,77
283585,77
283595,77
283605,77
283615,77
283625,77
283635,77
283646,77
283656,77
283667,77
283677,77
283687,77
283697,77
283707,77
283718,77
283728,77
283739,77
283749,77
283759,77
283769,77
283780,77
283790,77
283801,77
283811,77
283821,77
283832,77
283842,77
283853,77
283863,77
283874,77
283884,77
283895,77
283905,77
283916,77
283926,77
283937,77
283947,77
283957,77
283967,77
283977,77
283988,77
283998,77
284009,77
284019,77
284030,77
284040,77
284051,77
284061,77
284071,77
284082,77
284092,77
284102,77
284112,77
284122,77
284132,77
284142,77
284153,77
284163,77
284174,77
284184,77
284195,77
284205,77
284216,77
284228,77
284238,77
284249,77
284259,77
284269,77
284279,77
284289,77
284300,77
284310,77
284321,77
284331,77
284342,77
284352,77
284362,77
284372,77
284382,77
284392,77
284403,77
284413,77
284423,77
284433,77
284444,77
284454,79
284464,79
284474,79
284485,79
284495,79
284505,80
284516,81
284526,81
284537,81
284547,81
284557,81
284568,81
284579,81
284590,81
284600,81
284610,81
284620,81
284630,81
284640,81
284650,81
284660,81
284671,81
284681,81
284691,81
284701,81
284711,81
284721,81
284732,81
284743,81
284753,81
284764,81
284774,81
284784,81
284794,81
284804,81
284815,81
284826,81
284836,81
284846,81
284856,81
284866,81
284876,81
284886,81
284896,81
284906,81
284916,81
284926,81
284937,81
284947,81
284958,81
284968,81
284978,81
284988,81
284998,81
285009,81
285019,81
285031,81
285041,81
285051,81
285061,81
285071,81
285082,81
285092,81
285103,81
285113,81
285124,81
285134,81
285144,81
285154,81
285164,81
285174,81
285184,81
285195,81
285205,81
285216,81
285226,81
285237,81
285247,81
285257,81
285267,81
285277,81
285287,81
285297,81
285307,81
285318,81
285328,81
285338,81
285348,81
285358,81
285368,81
285379,81
285389,81
285399,81
285409,81
285419,81
285429,81
285439,81
285449,81
285459,81
285469,81
285479,81
285490,81
285500,81
285510,81
285520,81
285530,81
285540,81
285550,81
285560,81
285570,81
285581,81
285592,81
285603,81
285613,81
285624,81
285634,81
285644,81
285654,81
285665,81
285675,81
285686,81
285697,81
285707,81
285718,81
285728,82
285738,82
285748,82
285759,82
285769,82
285780,82
285791,83
285801,83
285811,83
285821,83
285831,83
285841,83
285851,83
285861,83
285871,83
285881,83
285891,83
285902,83
285912,83
285923,83
285933,83
285943,83
285953,83
285963,83
285973,83
285984,83
285994,83
286004,83
286014,84
286024,84
286034,84
286045,84
286055,84
286066,84
286076,84
286086,84
286097,84
286107,84
286117,84
286127,84
286138,84
286148,84
286158,84
286168,84
286178,84
286188,84
286198,84
286208,84
286218,84
286229,84
286239,84
286250,84
286260,84
286271,84
286281,84
286291,84
286301,84
286311,84
286321,84
286331,84
286341,84
286352,84
286362,84
286373,84
286383,84
286393,84
286403,84
286413,84
286423,84
286434,84
286444,84
286454,84
286464,84
286474,84
286484,84
286494,84
286505,84
286515,84
286526,84
286536,84
286546,84
286556,84
286566,84
286576,84
286586,84
286596,84
286606,85
286616,85
286626,85
286636,85
286647,85
286657,85
286668,85
286678,85
286689,85
286699,85
286709,85
286719,85
286729,85
286739,85
286749,85
286759,85
286769,85
286779,85
286789,85
286800,85
286810,85
286820,85
286830,85
286840,85
286850,85
286862,85
286872,85
286883,85
286893,85
286904,85
286914,85
286925,85
286935,85
286945,85
286955,85
286965,85
286975,85
286985,85
286995,85
287006,85
287016,85
287026,85
287036,85
287046,85
287056,85
287067,85
287077,85
287087,85
287097,85
287108,85
287118,85
287128,85
287139,85
287150,85
287161,85
287171,85
287181,85
287191,85
287201,85
287211,85
287221,85
287231,85
287241,85
287252,85
287262,85
287272,85
287282,85
287292,85
287302,85
287312,85
287322,85
287332,85
287342,85
287352,85
287362,85
287372,85
287382,85
287392,85
287402,85
287412,85
287423,85
287433,85
287444,85
287454,85
287465,85
287475,85
287486,85
287496,85
287507,85
287517,85
287527,85
287537,85
287547,85
287557,85
287567,86
287577,86
287587,86
287597,86
287607,86
287617,86
287627,86
287637,86
287647,86
287658,86
287668,86
287678,86
287688,86
287698,86
287709,86
287719,86
287730,86
287740,86
287750,86
287760,86
287770,86
287780,86
287791,86
287801,86
287812,86
287822,86
287834,86
287844,86
287855,86
287865,86
287875,86
287885,86
287895,86
287905,86
287915,86
287925,86
287936,86
287946,86
287957,86
287967,86
287977,86
287987,86
287997,86
288007,86
288018,86
288028,86
288039,86
288049,86
288059,86
288069,86
288079,86
288090,86
288100,86
288111,86
288121,86
288131,86
288142,86
288152,86
288162,86
288173,86
288183,86
288194,86
288204,86
288215,86
288225,86
288235,86
288245,86
288255,86
288265,86
288275,86
288285,86
288296,86
288306,86
288317,86
288327,86
288337,86
288347,86
288357,86
288367,86
288377,86
288388,86
288398,86
288409,86
288419,86
288429,87
288439,88
288450,88
288460,88
288471,88
288482,88
288492,88
288502,88
288512,88
288523,88
288533,88
288544,88
288555,88
288565,88
288575,88
288585,88
288596,88
288606,88
288617,88
288627,88
288637,88
288648,88
288658,88
288669,88
288680,88
288690,88
288700,88
288711,88
288721,88
288732,88
288742,88
288753,88
288763,88
288774,88
288784,88
288794,88
288804,88
288815,88
288826,88
288837,88
288847,88
288857,88
288868,88
288878,88
288888,88
288898,88
288909,88
288919,88
288930,88
288940,88
288951,88
288961,88
288971,88
288982,88
288992,88
289002,88
289013,88
289023,88
289033,88
289043,88
289053,88
289063,88
289073,88
289083,88
289093,88
289103,88
289113,88
289123,88
289133,88
289143,88
289153,88
289163,88
289174,88
289184,88
289195,88
289205,88
289216,88
289226,88
289236,88
289246,88
289257,88
289267,88
289277,88
289287,88
289297,88
289307,88
289317,88
289327,88
289337,88
289347,88
289357,88
289367,88
289377,88
289388,88
289398,88
289408,88
289418,88
289429,88
289439,88
289450,88
289460,88
289471,89
289481,90
289491,90
289501,90
289511,90
289521,90
289532,90
289542,90
289552,90
289562,90
289572,90
289582,90
289592,90
289602,90
289612,90
289622,90
289632,90
289642,90
289653,90
289663,90
289673,90
289683,90
289694,90
289704,90
289715,90
289725,90
289735,90
289745,90
289755,90
289765,90
289775,90
289786,90
289796,90
289807,90
289817,91
289827,91
289837,91
289848,91
289858,91
289869,91
289879,91
289889,91
289899,91
289909,91
289920,91
289930,91
289940,91
289951,91
289961,91
289971,91
289981,91
289991,91
290001,91
290011,91
290021,91
290032,91
290042,91
290052,91
290062,91
290072,91
290082,91
290092,91
290102,91
290113,91
290123,91
290134,91
290144,91
290155,91
290165,91
290175,91
290185,91
290196,91
290206,91
290216,91
290226,91
290236,91
290246,91
290257,91
290267,91
290277,91
290288,92
290298,92
290308,92
290318,92
290329,92
290339,92
290349,92
290359,92
290369,92
290380,92
290390,92
290400,92
290410,92
290420,92
290431,92
290441,92
290452,92
290462,92
290473,92
290483,92
290494,92
290504,92
290514,92
290524,92
290535,92
290545,92
290555,92
290565,92
290575,92
290585,92
290595,92
290605,92
290615,92
290625,92
290635,92
290646,92
290657,92
290667,92
290677,92
290687,92
290697,92
290707,92
290718,92
290728,92
290738,92
290749,92
290759,92
290769,92
290779,92
290789,92
290800,92
290810,92
290821,92
290831,92
290842,92
290852,93
290862,93
290872,93
290882,93
290893,93
290903,93
290914,93
290924,93
290935,93
290945,93
290955,93
290965,93
290976,93
290987,93
290997,93
291008,93
291018,94
291028,94
291038,94
291049,94
291059,94
291070,94
291080,94
291091,94
291101,94
291111,94
291121,94
291131,94
291141,94
291151,94
291161,94
291172,94
291182,94
291193,94
291203,94
291214,94
291224,94
291235,94
291245,94
291256,94
291267,94
291277,94
291287,94
291297,94
291307,94
291317,94
291327,94
291337,94
291348,94
291358,94
291368,94
291378,94
291388,94
291398,94
291408,94
291419,94
291430,94
291440,94
291450,94
291460,94
291471,94
291481,94
291492,94
291502,94
291513,94
291523,94
291533,94
291543,94
291553,94
291564,94
291574,94
291584,94
291594,94
291605,94
291615,94
291626,94
291636,94
291647,94
291657,94
291667,94
291677,94
291687,94
291697,94
291708,94
291718,94
291729,94
291739,94
291749,94
291760,94
291770,95
291780,95
291790,95
291800,95
291810,95
291820,95
291831,95
291841,95
291851,95
291861,95
291871,95
291881,95
291891,95
291901,95
291911,95
291921,95
291931,95
291941,95
291952,95
291962,95
291973,95
291983,95
291994,95
292004,95
292014,95
292024,95
292034,95
292044,95
292054,95
292064,95
292074,95
292084,95
292094,95
292105,95
292115,95
292126,95
292136,95
292147,95
292157,95
292167,95
292177,95
292187,95
292198,95
292208,95
292219,95
292229,95
292239,95
292249,95
292259,95
292270,95
292280,96
292290,97
292300,97
292310,97
292320,97
292330,97
292340,97
292351,97
292361,97
292371,97
292381,97
292391,97
292401,97
292412,97
292422,97
292433,97
292443,97
292454,97
292464,97
292475,97
292485,97
292496,97
292506,97
292517,97
292527,97
292537,97
292547,97
292557,97
292567,97
292577,97
292588,97
292598,97
292609,97
292619,97
292629,97
292640,97
292650,98
292660,98
292671,98
292681,98
292692,98
292703,98
292713,98
292723,98
292733,98
292743,98
292754,98
292764,98
292774,98
292784,98
292794,98
292804,98
292815,98
292826,98
292837,98
292848,98
292858,98
292869,98
292879,98
292889,98
292899,98
292909,98
292919,98
292929,98
292940,98
292950,98
292961,98
292971,98
292981,98
292991,98
293002,98
293012,98
293023,98
293033,98
293044,98
293054,98
293065,98
293075,98
293085,98
293095,98
293105,98
293116,98
293126,98
293137,98
293147,98
293157,98
293167,98
293177,98
293187,98
293198,98
293208,99
293219,99
293229,99
293239,101
293249,101
293259,101
293269,101
293279,101
293289,101
293299,101
293309,101
293319,101
293329,101
293339,101
293349,101
293360,101
293371,101
293381,101
293391,101
293401,101
293411,101
293421,101
293432,101
293442,101
293453,101
293463,101
293474,101
293484,101
293495,101
293505,101
293516,101
293526,101
293536,101
293546,101
293556,101
293566,101
293576,101
293587,101
293597,101
293607,101
293617,101
293627,101
293637,101
293647,101
293657,101
293668,101
293678,101
293689,101
293699,101
293710,101
293720,101
293731,101
293741,101
293751,101
293762,101
293772,102
293783,103
293793,103
293803,103
293813,103
293823,103
293834,103
293844,103
293854,103
293864,103
293874,103
293885,103
293895,103
293906,103
293916,103
293926,103
293936,103
293946,103
293956,103
293966,103
293976,103
293987,103
293997,103
294008,103
294018,103
294028,103
294039,103
294049,103
294060,103
294070,103
294081,103
294091,104
294101,104
294111,104
294121,104
294131,104
294141,104
294152,104
294162,104
294173,104
294183,104
294193,104
294204,104
294214,104
294224,104
294234,104
294244,104
294254,104
294264,104
294274,104
294284,104
294294,104
294305,104
294315,104
294326,104
294336,104
294346,104
294356,104
294366,104
294376,104
294387,104
294397,104
294407,104
294417,104
294427,104
294438,104
294448,104
294459,104
294469,104
294479,104
294489,104
294499,104
294509,104
294520,104
294530,104
294540,104
294550,104
294561,104
294571,104
294582,104
294593,104
294603,104
294613,104
294623,104
294634,104
294644,104
294654,104
294664,104
294674,104
294684,104
294694,104
294704,104
294714,104
294724,104
294734,104
294744,104
294755,104
294765,104
294776,104
294786,104
294797,104
294807,104
294817,104
294827,104
294837,104
294847,104
294857,104
294868,104
294878,104
294888,104
294898,104
294908,104
294918,104
294928,104
294939,104
294949,104
294960,104
294970,104
294980,104
294990,104
295000,104
295010,104
295020,104
295031,104
295041,104
295051,104
295061,104
295071,104
295081,104
295091,104
295101,105
295111,105
295121,105
295132,105
295142,105
295152,105
295163,105
295174,105
295184,105
295194,105
295204,105
295214,105
295224,105
295234,105
295245,105
295255,105
295266,105
295276,105
295286,105
295297,105
295307,105
295317,105
295328,105
295338,105
295348,105
295359,105
295369,105
295380,105
295390,105
295400,105
295410,105
295420,105
295430,105
295441,105
295451,105
295461,105
295471,105
295481,105
295491,105
295501,105
295511,105
295521,105
295532,105
295542,105
295552,105
295562,105
295573,105
295583,105
295593,105
295603,105
295613,105
295624,105
295634,105
295645,105
295655,105
295666,105
295676,105
295686,105
295696,105
295706,105
295716,105
295727,105
295737,105
295747,105
295757,105
295767,105
295777,105
295787,105
295797,105
295807,105
295817,105
295828,105
295839,105
295849,105
295861,105
295871,105
295882,105
295892,105
295903,105
295913,105
295923,105
295933,105
295943,105
295953,106
295964,106
295974,106
295984,106
295994,106
296004,106
296014,106
296024,106
296034,106
296044,106
296054,106
296064,106
296074,106
296084,106
296094,106
296104,106
296114,106
296125,106
296135,106
296146,106
296156,106
296167,106
296178,106
296188,106
296198,106
296208,106
296219,106
296229,106
296239,106
296249,106
296259,106
296270,106
296280,106
296291,106
296301,106
296312,106
296322,106
296332,106
296343,106
296353,106
296363,106
296373,106
296383,106
296394,106
296404,106
296414,106
296424,106
296434,106
296445,106
296455,106
296465,106
296476,106
296486,106
296497,106
296507,106
296517,106
296527,106
296538,106
296548,106
296558,107
296568,107
296578,107
296589,107
296599,107
296609,107
296619,107
296629,107
296639,107
296649,107
296659,107
296670,107
296680,107
296691,107
296702,107
296712,107
296722,107
296733,107
296743,107
296753,107
296763,107
296774,107
296784,107
296794,107
296804,107
296815,107
296826,107
296837,107
296847,107
296857,107
296867,107
296877,107
296887,107
296897,107
296907,107
296917,107
296927,107
296938,107
296948,107
296959,107
296969,107
296979,107
296989,107
296999,107
297009,107
297019,107
297029,107
297040,107
297050,107
297061,107
297071,107
297082,107
297092,107
297103,108
297113,108
297123,108
297133,108
297144,108
297154,108
297164,108
297174,108
297184,108
297195,108
297206,109
297217,109
297227,109
297238,109
297248,109
297259,109
297269,109
297279,109
297290,109
297301,109
297312,109
297322,109
297333,109
297344,109
297354,109
297365,109
297375,109
297386,109
297397,109
297407,109
297417,109
297427,109
297437,109
297447,109
297458,109
297468,109
297479,109
297489,109
297499,109
297509,109
297519,109
297529,109
297539,109
297549,109
297559,109
297569,109
297579,109
297589,109
297600,110
297610,110
297620,110
297630,110
297640,110
297650,110
297660,110
297670,110
297680,110
297690,110
297700,110
297711,110
297721,110
297732,110
297742,110
297753,110
297763,110
297774,110
297784,110
297794,110
297804,110
297814,110
297824,110
297836,110
297846,110
297857,110
297867,110
297877,110
297887,110
297897,110
297908,110
297918,110
297928,110
297938,110
297948,110
297958,110
297969,110
297979,110
297989,110
297999,110
298009,111
298019,111
298029,111
298040,111
298050,111
298060,111
298070,111
298080,111
298090,111
298100,111
298110,111
298120,111
298130,111
298140,111
298150,111
298160,111
298170,111
298180,111
298190,111
298200,111
298210,111
298220,111
298230,111
298240,111
298250,111
298261,111
298271,111
298282,111
298292,111
298302,111
298312,111
298322,111
298332,111
298342,111
298353,111
298363,111
298373,111
298383,111
298393,111
298404,111
298415,111
298425,111
298435,111
298446,112
298456,112
298467,112
298477,112
298487,112
298497,112
298507,112
298517,112
298527,112
298537,112
298547,112
298557,112
298567,112
298577,112
298588,112
298598,112
298609,112
298619,112
298630,112
298640,112
298650,112
298661,112
298671,112
298682,112
298692,112
298702,112
298712,112
298723,112
298733,112
298744,112
298754,112
298764,112
298774,112
298785,112
298795,112
298805,112
298815,112
298826,112
298836,112
298846,112
298856,112
298866,112
298876,112
298886,112
298897,112
298907,112
298917,112
298927,112
298937,112
298948,112
298958,112
298968,112
298978,112
298988,112
298999,112
299009,112
299019,112
299029,112
299039,112
299050,112
299060,112
299070,112
299080,112
299090,112
299100,112
299110,112
299120,112
299130,113
299140,113
299150,113
299161,113
299172,113
299182,113
299192,113
299202,113
299212,113
299222,113
299233,113
299244,113
299254,113
299264,113
299274,113
299284,113
299294,113
299305,113
299315,113
299326,113
299336,113
299346,113
299357,113
299367,113
299377,113
299388,113
299398,113
299409,113
299419,113
299429,113
299439,113
299449,113
299459,113
299469,113
299479,113
299490,113
299500,113
299510,113
299520,113
299530,113
299540,113
299550,113
299560,113
299571,113
299581,113
299591,113
299601,113
299611,113
299622,113
299632,113
299643,113
299653,113
299663,113
299674,113
299684,113
299694,113
299705,113
299715,113
299725,113
299736,113
299746,113
299757,113
299767,113
299777,113
299788,113
299798,113
299808,113
299818,113
299828,113
299838,113
299848,113
299858,113
299869,113
299879,113
299889,113
299899,113
299909,113
299919,113
299929,113
299939,113
299949,113
299959,113
299970,113
299980,113
299991,113
300001,113
300012,113
300022,113
300032,113
300042,113
300052,113
300062,113
300072,113
300083,113
300093,113
300103,113
300114,113
300124,113
300135,113
300145,114
300156,114
300166,114
300176,114
300187,114
300197,114
300208,114
300218,115
300228,115
300238,115
300248,115
300258,115
300269,115
300279,115
300290,115
300300,115
300310,115
300320,115
300330,115
300340,115
300350,115
300360,115
300370,115
300380,115
300390,115
300400,115
300410,115
300420,115
300431,115
300441,115
300451,115
300461,115
300472,115
300482,115
300492,115
300502,116
300512,116
300522,116
300532,116
300542,116
300552,116
300562,116
300572,116
300582,116
300592,116
300603,116
300613,116
300623,116
300633,116
300643,116
300653,116
300663,116
300673,116
300684,116
300694,116
300704,116
300714,116
300724,116
300734,116
300744,116
300755,116
300765,116
300775,116
300785,116
300795,116
300805,116
300815,116
300826,116
300837,116
300847,117
300857,117
300867,117
300877,117
300887,117
300897,117
300907,117
300917,117
300927,117
300937,117
300947,117
300957,117
300967,117
300978,117
300988,117
300998,117
301008,117
301018,117
301028,117
301039,117
301049,117
301059,117
301069,117
301079,117
301089,117
301100,117
301111,117
301121,117
301131,117
301142,117
301153,117
301163,117
301173,117
301183,117
301193,117
301204,117
301214,117
301224,117
301234,117
301244,117
301254,117
301265,117
301275,117
301286,117
301296,117
301307,117
301317,117
301327,117
301337,118
301348,118
301358,118
301369,118
301380,118
301390,118
301400,118
301410,118
301420,118
301430,118
301440,118
301450,118
301460,118
301470,118
301481,118
301491,118
301502,118
301512,120
301522,120
301532,120
301542,120
301552,120
301562,120
301572,120
301582,121
301592,121
301602,121
301612,121
301622,121
301633,121
301643,121
301654,121
301664,121
301674,121
301684,121
301695,121
301705,121
301715,121
301725,121
301735,121
301745,121
301755,121
301765,121
301775,121
301785,121
301796,121
301806,121
301817,121
301828,121
301838,121
301848,121
301858,121
301868,121
301878,121
301888,121
301899,121
301909,121
301919,121
301929,121
301939,121
301950,121
301960,121
301970,121
301980,121
301990,121
302001,121
302011,121
302021,121
302031,121
302041,121
302051,121
302062,121
302072,121
302082,121
302093,121
302103,121
302114,121
302124,121
302134,121
302144,121
302154,121
302164,121
302174,121
302185,121
302195,121
302205,121
302215,121
302225,121
302235,121
302245,121
302255,121
302266,121
302276,121
302286,121
302296,121
302306,121
302316,121
302326,121
302336,121
302346,121
302356,121
302366,121
302376,121
302386,121
302396,121
302406,121
302416,121
302426,121
302436,121
302446,121
302457,121
302467,121
302478,121
302488,121
302498,121
302508,121
302518,121
302528,121
302538,121
302548,121
302558,121
302568,121
302578,121
302588,121
302598,121
302608,121
302618,121
302628,121
302638,121
302648,121
302658,121
302668,121
302678,121
302688,121
302698,121
302709,121
302719,121
302729,121
302739,121
302749,121
302759,121
302769,121
302779,121
302790,121
302800,121
302810,121
302820,121
302831,121
302841,121
302852,121
302862,121
302872,121
302883,121
302893,121
302903,121
302913,121
302923,121
302933,121
302944,121
302954,121
302965,121
302975,121
302985,121
302995,121
303005,121
303015,121
303025,121
303036,121
303046,121
303057,121
303067,121
303077,121
303087,121
303097,121
303107,121
303117,121
303127,121
303137,121
303147,121
303158,121
303168,121
303179,121
303189,121
303200,121
303210,121
303220,121
303230,121
303241,121
303251,121
303262,121
303272,121
303282,121
303292,121
303303,121
303313,121
303323,121
303334,121
303344,121
303355,121
303365,122
303376,122
303387,122
303397,122
303407,122
303417,122
303427,122
303438,122
303448,122
303458,122
303468,122
303478,122
303488,122
303498,122
303509,122
303519,122
303529,123
303539,123
303549,123
303559,123
303569,123
303579,123
303589,123
303600,123
303610,123
303621,123
303631,123
303641,123
303651,123
303661,123
303672,123
303682,123
303692,123
303702,123
303712,123
303722,123
303732,123
303742,123
303752,123
303763,123
303773,123
303783,123
303793,123
303803,123
303813,123
303823,123
303833,123
303843,123
303853,123
303863,123
303873,123
303883,123
303893,123
303904,123
303914,123
303925,123
303935,123
303945,123
303955,123
303966,123
303976,123
303986,123
303997,123
304008,123
304018,123
304028,123
304038,123
304049,123
304059,123
304070,123
304080,123
304090,123
304100,123
304110,123
304120,123
304131,123
304141,123
304152,123
304162,123
304172,123
304182,124
304192,124
304202,124
304213,124
304223,124
304233,124
304243,124
304254,124
304264,124
304274,124
304285,124
304295,124
304306,124
304316,124
304326,124
304336,124
304346,124
304356,124
304367,124
304377,124
304387,124
304397,124
304407,124
304417,124
304427,124
304438,124
304449,124
304459,125
304470,125
304480,125
304491,125
304501,125
304512,125
304523,125
304533,125
304543,125
304553,125
304563,125
304574,125
304584,125
304594,126
304604,126
304615,126
304625,127
304636,127
304646,127
304656,127
304666,127
304676,128
304686,128
304697,128
304707,128
304717,128
304727,128
304738,128
304748,128
304758,128
304769,128
304779,128
304790,128
304800,128
304810,128
304820,128
304830,128
304841,128
304851,128
304862,128
304872,128
304883,128
304893,128
304904,128
304914,128
304925,128
304935,128
304945,128
304955,128
304965,128
304976,128
304986,128
304996,128
305006,128
305016,128
305026,128
305036,128
305046,128
305056,128
305066,128
305076,128
305086,128
305097,128
305107,128
305117,128
305127,128
305138,128
305148,128
305158,128
305168,128
305178,128
305188,128
305198,128
305209,128
305219,128
305229,128
305239,128
305249,128
305259,128
305269,128
305279,128
305289,128
305299,129
305309,129
305319,129
305329,129
305339,129
305349,129
305359,129
305369,129
305379,129
305389,129
305399,129
305409,129
305419,129
305429,129
305439,129
305450,129
305460,129
305471,129
305481,129
305492,129
305502,129
305513,129
305523,129
305533,129
305543,129
305553,129
305563,129
305573,129
305583,129
305593,129
305603,129
305613,129
305623,129
305633,129
305643,129
305653,129
305663,129
305674,129
305685,129
305695,129
305705,129
305715,129
305725,129
305735,130
305745,130
305755,130
305765,130
305776,131
305787,131
305797,131
305808,131
305818,131
305828,131
305838,131
305848,131
305859,131
305869,131
305880,131
305890,131
305900,131
305910,131
305920,131
305931,131
305941,131
305952,131
305962,131
305973,131
305983,131
305994,131
306004,131
306014,131
306024,131
306034,131
306044,131
306055,131
306065,131
306075,131
306085,131
306095,131
306105,131
306116,131
306126,131
306136,131
306146,132
306156,132
306166,133
306176,133
306186,133
306196,133
306207,133
306217,133
306227,133
306237,133
306248,133
306258,133
306268,133
306279,133
306291,133
306301,133
306312,133
306322,133
306332,133
306342,133
306353,133
306363,133
306374,133
306384,133
306395,133
306405,133
306415,133
306425,133
306435,133
306445,133
306456,133
306466,133
306477,133
306488,133
306498,133
306509,133
306519,133
306530,133
306540,133
306551,133
306561,133
306572,133
306582,133
306592,133
306602,133
306612,133
306622,133
306632,133
306642,133
306653,133
306664,133
306675,133
306685,133
306695,133
306705,133
306715,134
306725,134
306735,134
306746,134
306756,134
306767,134
306777,134
306787,134
306797,134
306808,134
306818,134
306828,134
306838,134
306848,134
306859,135
306869,135
306879,135
306889,135
306899,135
306909,135
306919,135
306930,135
306940,135
306951,135
306961,135
306971,135
306981,135
306992,135
307002,135
307012,135
307023,135
307033,135
307044,135
307054,135
307065,135
307075,135
307086,135
307096,135
307107,135
307117,135
307127,135
307138,135
307148,135
307158,135
307168,135
307178,135
307189,135
307199,135
307209,135
307219,135
307229,135
307239,135
307249,135
307260,136
307270,136
307280,136
307290,136
307300,136
307311,136
307321,136
307331,136
307341,136
307351,136
307362,136
307372,136
307383,136
307393,136
307403,136
307413,136
307424,136
307434,136
307444,136
307454,136
307464,136
307474,136
307484,136
307495,136
307505,136
307516,136
307526,136
307537,136
307547,136
307557,136
307567,137
307578,137
307588,137
307598,137
307608,137
307619,137
307629,137
307640,137
307650,137
307660,137
307671,137
307681,137
307692,137
307702,137
307713,137
307723,137
307733,137
307743,137
307753,137
307763,137
307774,137
307784,137
307795,137
307805,137
307815,137
307826,137
307836,137
307846,137
307856,137
307866,137
307876,137
307886,137
307896,137
307906,137
307916,137
307926,137
307937,137
307948,137
307958,137
307968,137
307978,137
307989,137
307999,137
308009,137
308020,137
308030,137
308041,137
308051,137
308062,137
308073,137
308083,137
308094,137
308105,137
308115,137
308125,137
308135,137
308146,137
308156,137
308166,137
308176,137
308186,137
308196,137
308207,137
308218,137
308228,137
308239,137
308249,137
308260,137
308270,137
308281,137
308291,137
308301,137
308311,137
308321,137
308331,138
308341,138
308351,138
308361,138
308371,138
308382,138
308392,138
308402,138
308412,138
308423,138
308433,138
308444,138
308454,138
308465,138
308475,138
308486,138
308497,138
308507,138
308517,138
308527,138
308537,138
308547,138
308557,138
308567,138
308577,138
308588,138
308598,138
308608,138
308619,138
308629,138
308640,138
308650,138
308660,138
308670,138
308680,138
308691,138
308702,138
308712,138
308722,138
308733,138
308743,138
308754,138
308764,138
308774,138
308784,138
308794,138
308804,138
308814,138
308824,139
308834,139
308844,139
308855,139
308865,139
308875,139
308885,139
308895,139
308905,139
308915,139
308926,139
308936,139
308946,139
308957,139
308967,139
308977,140
308988,140
308998,140
309008,140
309018,140
309029,140
309040,140
309051,140
309062,140
309072,140
309083,140
309093,140
309104,140
309114,140
309125,140
309135,140
309146,140
309156,140
309166,140
309176,140
309187,140
309197,140
309207,140
309217,140
309228,140
309238,140
309248,140
309258,140
309268,140
309279,140
309289,140
309300,140
309311,140
309321,140
309332,140
309342,140
309352,140
309362,140
309372,140
309382,140
309392,140
309402,140
309412,140
309422,140
309432,140
309443,140
309453,140
309463,140
309473,140
309483,140
309493,141
309503,141
309513,141
309524,141
309534,141
309545,141
309556,141
309567,141
309578,141
309588,142
309598,142
309608,142
309619,142
309629,142
309639,142
309649,142
309660,142
309670,142
309681,142
309691,142
309702,142
309712,142
309723,142
309733,142
309744,142
309754,142
309764,142
309774,142
309784,142
309794,143
309805,143
309815,143
309826,143
309837,143
309847,143
309857,143
309867,143
309877,143
309887,143
309897,143
309908,143
309918,143
309929,143
309939,143
309949,143
309959,143
309969,143
309980,143
309990,143
310001,143
310011,143
310022,143
310032,146
310042,146
310052,146
310063,146
310073,146
310084,146
310094,146
310104,146
310114,146
310125,146
310136,146
310146,146
310156,146
310166,146
310176,146
310186,146
310196,146
310207,146
310217,146
310227,146
310237,146
310247,146
310257,146
310268,146
310278,146
310289,146
310299,146
310310,146
310320,147
310330,147
310340,147
310351,147
310361,147
310372,147
310383,147
310393,147
310404,147
310414,147
310425,147
310435,147
310446,147
310457,148
310467,148
310477,148
310488,148
310498,148
310509,148
310519,149
310529,149
310539,149
310549,149
310559,149
310569,149
310579,149
310589,149
310599,149
310609,149
310619,149
310629,149
310639,149
310649,149
310659,149
310669,149
310679,149
310690,149
310700,149
310710,149
310720,149
310730,149
310741,149
310751,149
310762,149
310772,149
310783,149
310793,149
310803,149
310813,149
310823,149
310834,149
310845,149
310855,149
310866,149
310876,149
310886,149
310896,149
310906,149
310917,149
310927,149
310938,149
310948,149
310959,149
310969,149
310980,149
310990,149
311000,149
311010,149
311020,149
311031,149
311041,149
311051,149
311061,149
311071,149
311082,149
311092,149
311102,149
311112,150
311122,150
311132,151
311142,151
311152,151
311162,151
311173,151
311183,151
311194,151
311204,151
311214,151
311224,151
311234,151
311244,151
311255,151
311265,151
311275,151
311285,151
311295,151
311306,151
311316,152
311326,152
311337,152
311347,152
311358,152
311368,152
311379,152
311389,152
311400,152
311411,152
311421,152
311432,152
311442,152
311453,152
311463,152
311474,152
311484,152
311495,152
311505,152
311515,152
311526,152
311536,152
311546,152
311557,152
311567,153
311577,153
311587,153
311597,153
311607,153
311618,153
311628,153
311638,153
311648,153
311659,153
311669,153
311679,153
311689,153
311699,153
311711,153
311721,153
311732,153
311742,153
311753,153
311764,153
311774,153
311785,153
311795,153
311806,153
311816,153
311826,153
311837,153
311847,153
311857,153
311867,153
311877,153
311887,153
311897,153
311908,153
311918,153
311929,153
311939,153
311949,153
311959,153
311969,153
311980,153
311990,153
312001,153
312011,153
312022,153
312032,153
312043,153
312053,153
312063,153
312074,154
312084,154
312094,154
312104,154
312115,154
312125,154
312136,154
312146,154
312157,154
312167,154
312177,154
312188,154
312198,154
312209,154
312220,154
312230,154
312241,154
312251,154
312261,154
312271,154
312282,154
312292,154
312303,154
312314,154
312324,154
312334,154
312345,154
312355,154
312365,154
312375,154
312385,154
312395,154
312405,154
312415,154
312426,155
312436,155
312446,155
312456,155
312466,156
312477,156
312487,156
312497,156
312507,156
312518,156
312529,156
312539,156
312550,156
312561,156
312571,156
312581,156
312591,156
312601,157
312611,157
312621,157
312632,157
312642,157
312652,157
312662,157
312672,157
312683,157
312693,157
312703,157
312714,158
312724,158
312734,158
312744,158
312755,158
312765,158
312775,158
312785,158
312795,158
312805,158
312815,158
312826,158
312836,159
312846,159
312856,159
312866,159
312876,159
312887,159
312897,159
312907,159
312917,159
312927,159
312937,159
312947,159
312957,159
312967,159
312977,159
312987,159
312997,159
313008,159
313018,159
313029,159
313040,159
313050,159
313060,159
313071,159
313081,159
313092,160
313102,160
313113,160
313123,160
313133,160
313143,160
313153,160
313163,160
313173,160
313183,160
313194,160
313204,160
313214,161
313224,161
313234,161
313244,161
313254,161
313264,161
313274,161
313284,161
313294,161
313304,161
313315,161
313325,161
313335,161
313345,161
313356,161
313366,161
313377,161
313387,161
313397,161
313407,161
313417,161
313427,161
313437,162
313447,162
313457,162
313468,162
313478,162
313489,162
313499,162
313509,162
313520,162
313530,162
313540,162
313550,162
313560,162
313570,162
313580,162
313590,162
313600,162
313610,162
313620,162
313630,162
313641,162
313651,162
313661,162
313671,162
313681,162
313691,162
313701,162
313711,162
313722,162
313732,162
313742,162
313753,162
313763,162
313773,162
313784,162
313794,162
313804,162
313814,162
313824,162
313834,162
313844,162
313854,162
313864,162
313874,162
313884,162
313894,163
313905,163
313915,163
313925,163
313936,163
313946,163
313956,163
313966,163
313976,163
313986,163
313996,163
314006,163
314016,163
314026,163
314036,163
314046,163
314056,163
314066,163
314076,163
314086,163
314096,163
314106,163
314116,163
314126,163
314136,163
314146,163
314156,163
314166,163
314176,163
314187,163
314197,163
314207,163
314217,163
314227,163
314237,163
314248,163
314258,163
314269,163
314279,163
314289,163
314299,163
314309,163
314319,163
314329,163
314340,163
314350,163
314360,163
314370,163
314380,163
314391,163
314401,163
314411,163
314421,163
314431,163
314441,163
314451,163
314461,163
314471,163
314482,163
314492,163
314502,163
314512,163
314522,163
314532,163
314543,163
314553,163
314563,163
314573,163
314583,163
314593,163
314603,163
314613,163
314623,163
314633,163
314644,163
314654,163
314664,163
314674,163
314684,163
314695,163
314705,163
314716,163
314726,163
314737,163
314747,163
314758,163
314768,163
314779,163
314789,163
314799,163
314809,163
314819,163
314830,163
314840,163
314850,163
314860,163
314870,163
314881,163
314891,163
314902,163
314912,163
314922,163
314932,163
314942,163
314952,164
314962,164
314972,164
314982,164
314992,164
315002,164
315012,164
315022,164
315032,164
315042,164
315052,164
315062,164
315072,164
315082,164
315092,164
315102,164
315112,164
315122,164
315132,164
315143,164
315154,164
315165,164
315175,164
315185,164
315195,164
315205,164
315215,164
315226,164
315236,164
315246,164
315256,164
315266,164
315276,164
315287,164
315297,164
315308,164
315318,164
315328,164
315338,164
315349,164
315359,164
315369,164
315379,164
315390,164
315400,164
315410,164
315420,164
315430,164
315440,164
315450,164
315460,164
315470,164
315481,164
315491,164
315502,164
315512,164
315522,164
315532,164
315542,164
315552,164
315562,164
315573,164
315583,164
315594,164
315604,164
315615,164
315625,166
315635,166
315645,166
315655,166
315665,166
315676,166
315688,166
315698,166
315709,166
315719,166
315730,166
315740,166
315751,166
315762,166
315772,166
315782,166
315792,166
315802,166
315812,166
315822,166
315832,166
315843,166
315853,166
315863,166
315873,166
315884,166
315894,166
315905,166
315915,166
315926,166
315936,166
315946,166
315956,166
315966,166
315976,166
315987,166
315997,166
316007,166
316017,166
316028,166
316038,167
316048,167
316058,167
316068,167
316079,167
316089,167
316099,167
316109,167
316119,167
316129,167
316140,167
316150,167
316160,167
316170,167
316181,167
316191,167
316201,167
316211,167
316221,167
316231,167
316241,167
316252,167
316263,167
316273,167
316284,167
316294,167
316305,167
316315,167
316325,167
316335,167
316345,167
316356,167
316366,167
316377,167
316387,167
316397,167
316408,167
316418,167
316428,167
316439,167
316449,167
316460,167
316470,167
316481,168
316491,168
316501,168
316511,168
316521,168
316531,168
316541,168
316551,168
316561,168
316572,168
316583,168
316593,168
316604,168
316614,168
316624,168
316634,168
316644,168
316654,168
316664,168
316674,168
316685,168
316695,168
316705,168
316715,168
316725,168
316736,168
316746,168
316756,168
316766,168
316776,168
316786,168
316796,168
316806,168
316816,168
316826,168
316837,168
316847,168
316857,168
316867,168
316877,168
316888,168
316898,168
316909,168
316919,168
316930,168
316940,168
316951,168
316961,168
316972,168
316982,168
316992,168
317002,168
317012,168
317022,168
317032,168
317043,168
317053,168
317064,168
317074,168
317085,168
317095,168
317106,168
317116,168
317126,168
317137,168
317147,168
317157,168
317167,168
317177,168
317187,168
317197,168
317207,168
317218,168
317228,168
317238,168
317249,168
317259,168
317269,168
317279,168
317289,168
317300,168
317310,168
317320,168
317330,168
317340,168
317351,168
317361,168
317372,168
317383,168
317393,168
317404,168
317414,168
317424,168
317434,168
317444,168
317454,168
317464,168
317474,168
317485,168
317496,168
317507,168
317517,168
317528,168
317538,168
317548,168
317558,168
317568,168
317579,168
317590,168
317600,168
317611,168
317621,168
317632,168
317642,168
317652,168
317662,168
317673,168
317684,168
317694,168
317705,168
317715,168
317726,168
317736,168
317746,168
317756,169
317767,169
317777,169
317788,169
317798,169
317808,169
317818,169
317828,169
317838,169
317849,169
317859,169
317869,169
317879,169
317889,169
317899,169
317910,169
317920,169
317931,169
317941,169
317952,169
317962,169
317973,169
317983,169
317993,169
318003,169
318013,169
318023,169
318033,169
318044,169
318054,169
318064,169
318074,169
318084,169
318094,169
318104,169
318114,169
318124,169
318134,169
318145,169
318155,169
318165,169
318175,169
318186,169
318197,169
318208,169
318218,169
318228,169
318239,169
318249,169
318259,169
318269,169
318279,169
318289,169
318299,169
318310,169
318320,169
318330,169
318340,169
318350,169
318360,169
318370,169
318380,169
318390,169
318400,169
318410,169
318420,169
318430,169
318441,169
318451,169
318462,169
318472,169
318483,169
318493,169
318504,169
318514,169
318525,169
318535,169
318546,169
318556,169
318566,170
318576,170
318586,170
318596,170
318606,170
318616,170
318626,170
318636,170
318647,170
318657,170
318668,170
318678,170
318688,170
318698,170
318708,170
318718,170
318728,170
318738,170
318748,170
318758,170
318768,170
318778,170
318788,170
318798,170
318809,170
318819,170
318829,170
318839,170
318849,170
318859,170
318869,170
318879,170
318889,170
318899,170
318910,170
318920,172
318931,172
318941,172
318951,172
318962,172
318972,172
318982,172
318992,172
319002,172
319013,172
319023,172
319034,172
319044,172
319055,172
319065,172
319077,172
319087,172
319097,172
319107,172
319117,172
319127,172
319137,172
319147,172
319157,172
319167,172
319177,172
319187,172
319198,172
319208,172
319218,172
319228,172
319239,172
319249,172
319260,172
319270,172
319281,172
319291,173
319301,173
319312,173
319322,173
319332,173
319342,173
319352,174
319362,174
319372,174
319382,174
319392,174
319403,174
319413,174
319423,174
319433,174
319443,174
319453,174
319463,174
319473,174
319483,174
319494,174
319504,174
319514,174
319524,174
319534,174
319545,174
319555,174
319566,174
319577,174
319587,174
319597,174
319607,174
319617,174
319627,174
319637,175
319647,175
319657,175
319668,175
319678,175
319688,175
319699,175
319710,175
319720,175
319730,175
319740,175
319751,175
319761,175
319771,175
319781,175
319791,175
319802,175
319812,175
319822,175
319832,175
319842,175
319852,175
319863,175
319873,175
319884,175
319894,175
319904,175
319914,175
319924,175
319935,175
319945,175
319956,176
319966,176
319976,176
319986,176
319996,176
320006,176
320017,176
320027,176
320037,176
320048,176
320058,176
320068,176
320078,176
