128599,0
128609,0
128620,0
128631,0
128641,0
128652,0
128662,0
128673,0
128683,0
128694,0
128705,0
128715,0
128726,0
128737,0
128747,0
128757,0
128768,0
128778,0
128788,0
128799,0
128809,0
128819,0
128829,0
128840,0
128850,1
128860,1
128870,1
128880,1
128891,1
128902,1
128912,1
128922,1
128932,1
128942,1
128952,1
128962,1
128972,1
128982,1
128993,1
129004,1
129014,1
129024,1
129034,2
129044,2
129054,2
129065,2
129075,2
129086,2
129096,2
129106,2
129117,2
129127,2
129137,2
129148,2
129159,2
129169,2
129179,2
129190,2
129200,2
129210,2
129220,2
129230,2
129241,2
129251,2
129261,2
129271,2
129281,2
129291,2
129302,2
129312,2
129322,2
129332,2
129343,2
129353,2
129363,2
129373,2
129383,2
129394,2
129405,2
129415,2
129426,2
129436,2
129446,2
129456,2
129467,2
129477,2
129488,2
129498,2
129508,2
129518,2
129528,2
129538,2
129548,2
129559,2
129569,2
129579,2
129589,2
129599,2
129609,2
129619,2
129630,2
129640,2
129651,2
129661,2
129671,2
129681,2
129691,2
129701,2
129711,2
129721,2
129731,2
129741,2
129751,2
129762,2
129772,2
129783,2
129793,2
129804,2
129814,2
129824,2
129834,2
129844,2
129855,2
129865,2
129876,2
129886,2
129897,2
129907,2
129917,2
129927,2
129938,4
129948,4
129959,4
129969,4
129979,4
129989,4
129999,4
130010,4
130020,4
130031,4
130041,4
130051,4
130061,4
130072,4
130082,4
130092,4
130102,4
130113,4
130123,4
130133,4
130143,4
130153,4
130163,4
130173,4
130183,4
130193,4
130203,4
130214,4
130224,4
130235,4
130245,4
130256,4
130266,4
130277,4
130287,4
130297,4
130307,4
130317,4
130327,4
130337,4
130348,4
130358,4
130368,4
130378,4
130388,4
130399,4
130410,4
130420,4
130430,4
130441,4
130451,4
130461,4
130471,4
130481,4
130491,4
130501,4
130511,4
130521,4
130531,4
130542,4
130553,4
130563,4
130574,4
130585,4
130595,4
130605,4
130615,4
130625,4
130635,4
130646,4
130656,4
130666,4
130676,4
130686,4
130696,4
130706,4
130716,4
130727,4
130737,4
130747,4
130757,4
130767,4
130777,4
130787,4
130798,4
130808,4
130819,4
130829,4
130839,4
130849,4
130860,4
130870,4
130880,4
130890,4
130900,4
130910,4
130920,4
130930,4
130941,4
130951,4
130962,4
130972,5
130982,5
130992,5
131002,5
131013,5
131023,5
131034,5
131044,5
131054,5
131064,5
131074,5
131085,5
131095,5
131105,5
131115,5
131125,5
131135,5
131145,5
131156,5
131166,5
131176,5
131186,5
131196,5
131206,5
131216,5
131226,6
131236,6
131246,6
131256,6
131266,6
131276,6
131287,6
131298,6
131308,6
131318,6
131328,6
131338,6
131348,6
131359,6
131369,6
131380,6
131390,6
131400,6
131411,6
131421,6
131431,6
131441,6
131451,6
131461,6
131472,6
131483,6
131493,6
131503,6
131514,6
131525,6
131535,6
131545,6
131555,6
131565,6
131575,6
131585,6
131596,6
131606,6
131616,6
131626,6
131636,6
131646,6
131656,6
131667,6
131677,6
131687,6
131697,6
131707,6
131718,6
131728,6
131738,7
131748,7
131758,7
131768,7
131778,7
131788,7
131798,7
131808,7
131818,7
131829,7
131839,7
131849,7
131859,7
131869,7
131879,7
131889,7
131900,7
131910,7
131921,7
131931,7
131942,7
131952,7
131962,7
131972,7
131982,7
131992,7
132002,7
132013,7
132023,7
132033,7
132043,7
132053,7
132064,7
132074,7
132084,7
132094,7
132104,7
132114,7
132125,7
132135,7
132145,7
132155,7
132165,7
132175,7
132185,7
132195,7
132205,7
132215,7
132225,7
132235,7
132245,7
132255,7
132265,7
132275,7
132285,7
132295,7
132305,8
132315,8
132326,8
132336,8
132346,8
132356,8
132366,8
132376,8
132386,8
132396,8
132406,8
132416,8
132426,8
132436,8
132446,8
132456,8
132466,8
132476,8
132486,8
132496,8
132506,8
132516,8
132526,8
132536,8
132546,8
132556,8
132566,8
132576,8
132586,8
132596,8
132606,8
132616,8
132626,8
132636,8
132646,8
132656,8
132666,8
132677,8
132687,8
132698,8
132708,8
132718,8
132728,8
132738,8
132748,8
132758,8
132768,8
132778,8
132788,8
132798,8
132808,8
132818,8
132828,8
132838,8
132848,8
132858,8
132868,8
132878,8
132888,8
132898,8
132908,8
132918,8
132928,8
132938,8
132948,8
132958,8
132969,8
132979,8
132989,8
132999,8
133009,8
133019,8
133029,8
133039,8
133049,8
133059,8
133069,8
133079,8
133089,8
133099,8
133109,8
133120,8
133130,8
133140,8
133150,8
133160,8
133170,8
133180,8
133190,8
133200,8
133210,8
133220,8
133230,8
133240,8
133250,8
133260,8
133270,8
133280,8
133290,8
133300,8
133310,8
133320,8
133330,8
133340,8
133350,8
133360,8
133370,8
133380,8
133390,8
133400,8
133410,8
133420,8
133430,8
133440,8
133450,8
133460,8
133470,8
133480,8
133491,8
133501,8
133511,8
133521,8
133531,8
133541,8
133551,8
133561,8
133571,8
133581,8
133592,8
133602,8
133612,8
133622,8
133632,8
133642,8
133652,8
133662,9
133672,9
133682,9
133692,9
133702,9
133712,9
133722,9
133732,9
133742,9
133752,9
133762,9
133772,9
133782,9
133792,9
133802,9
133812,9
133823,9
133833,9
133843,9
133853,9
133864,9
133874,9
133884,9
133894,9
133904,9
133914,9
133924,9
133934,9
133944,9
133954,9
133964,9
133974,9
133984,9
133994,9
134004,9
134014,9
134024,9
134034,9
134044,9
134054,9
134064,9
134074,9
134084,9
134094,9
134104,9
134114,9
134124,9
134134,9
134144,9
134154,9
134164,10
134174,10
134184,10
134194,10
134204,10
134214,10
134224,10
134234,10
134245,10
134255,10
134265,10
134275,10
134285,10
134295,10
134305,10
134315,10
134325,10
134335,10
134345,10
134355,10
134365,10
134375,10
134385,10
134395,10
134405,10
134415,10
134425,10
134435,10
134445,10
134455,10
134465,10
134476,10
134486,10
134496,10
134506,10
134517,10
134527,10
134537,10
134547,10
134557,10
134567,10
134577,10
134587,10
134597,10
134607,10
134617,10
134627,10
134637,10
134647,10
134657,11
134667,11
134677,11
134687,11
134697,11
134707,11
134718,11
134729,11
134739,11
134749,11
134759,11
134769,11
134779,11
134789,11
134799,11
134809,11
134819,11
134829,11
134840,11
134850,11
134860,11
134870,11
134880,11
134890,11
134900,11
134910,11
134920,11
134930,11
134940,11
134950,11
134960,11
134970,11
134980,11
134990,11
135000,11
135010,11
135020,11
135030,11
135040,11
135050,11
135060,11
135070,11
135080,11
135090,11
135100,11
135110,11
135120,11
135130,11
135140,11
135150,11
135160,11
135170,11
135180,11
135190,11
135201,11
135211,11
135221,11
135231,11
135241,11
135251,11
135261,11
135271,11
135281,11
135291,11
135301,11
135311,11
135321,11
135331,11
135341,11
135351,11
135361,11
135371,11
135381,11
135391,11
135401,11
135411,11
135421,11
135431,12
135441,12
135451,12
135461,12
135471,12
135481,12
135491,12
135501,12
135511,12
135521,12
135531,12
135541,12
135551,12
135561,12
135572,12
135582,12
135592,12
135602,12
135612,12
135622,12
135632,12
135642,12
135652,12
135662,12
135672,12
135682,12
135692,12
135702,12
135712,12
135723,12
135733,12
135743,12
135753,12
135763,12
135773,12
135783,12
135793,12
135803,12
135813,12
135823,12
135833,12
135843,12
135853,12
135863,12
135873,12
135883,12
135893,12
135903,12
135913,12
135923,12
135933,12
135943,12
135953,12
135964,12
135974,12
135984,12
135994,12
136004,12
136014,12
136024,12
136034,12
136044,12
136054,12
136064,12
136074,12
136084,12
136094,12
136104,12
136114,12
136124,12
136134,12
136144,12
136154,12
136164,12
136174,12
136184,12
136194,12
136204,12
136214,12
136224,12
136234,12
136244,12
136254,12
136264,12
136274,12
136284,12
136294,12
136304,12
136314,12
136324,12
136334,12
136344,12
136354,12
136364,12
136374,12
136384,12
136394,12
136404,12
136414,12
136425,12
136435,12
136445,12
136455,12
136465,12
136475,12
136485,12
136495,12
136505,12
136515,12
136525,12
136535,12
136545,12
136555,12
136565,12
136575,12
136585,12
136595,12
136605,12
136615,12
136625,12
136635,12
136645,12
136656,12
136666,12
136676,12
136686,12
136696,12
136706,12
136716,12
136726,12
136736,12
136746,12
136756,12
136766,12
136776,12
136786,12
136796,12
136806,12
136816,12
136826,12
136836,14
136846,14
136856,14
136866,14
136876,14
136886,14
136897,14
136907,14
136918,14
136928,14
136938,14
136948,14
136958,14
136968,14
136978,14
136988,14
136998,14
137008,14
137019,14
137029,14
137039,14
137049,14
137059,14
137069,14
137079,14
137090,14
137100,14
137110,14
137120,14
137130,14
137140,14
137150,14
137160,14
137170,14
137180,14
137191,14
137201,14
137212,14
137222,14
137232,14
137242,14
137253,15
137263,15
137273,15
137283,15
137293,16
137303,16
137314,16
137325,16
137335,16
137346,16
137356,16
137366,16
137376,16
137387,16
137397,16
137408,16
137418,16
137428,16
137438,16
137448,16
137458,16
137468,16
137478,16
137488,16
137498,16
137508,16
137518,16
137529,16
137539,16
137549,16
137559,16
137569,16
137579,16
137589,16
137599,16
137609,16
137619,16
137629,16
137639,16
137649,16
137659,16
137669,16
137679,16
137689,16
137700,16
137710,16
137720,16
137730,16
137740,16
137750,16
137760,16
137770,16
137780,16
137790,16
137801,16
137811,16
137821,16
137831,16
137841,16
137851,16
137861,16
137871,16
137881,16
137891,16
137901,16
137911,16
137921,16
137931,18
137941,18
137951,18
137961,18
137971,18
137981,18
137991,18
138001,18
138011,18
138021,18
138031,18
138041,18
138052,18
138062,18
138073,18
138083,18
138093,18
138104,18
138114,18
138125,18
138135,18
138145,18
138155,18
138165,18
138175,18
138185,18
138196,18
138206,18
138216,18
138226,18
138237,18
138247,18
138257,18
138267,18
138277,18
138287,18
138297,18
138307,18
138317,18
138327,18
138337,18
138347,18
138357,18
138367,18
138377,18
138387,18
138397,18
138407,18
138417,18
138428,18
138439,18
138449,18
138459,18
138469,18
138479,18
138489,18
138499,18
138509,18
138519,18
138529,18
138539,18
138549,18
138559,18
138569,18
138580,18
138590,19
138600,19
138610,19
138620,19
138630,19
138640,19
138650,19
138660,19
138670,19
138680,19
138690,19
138700,19
138710,19
138720,20
138730,20
138740,20
138750,20
138760,20
138770,20
138780,20
138790,20
138801,20
138811,20
138821,20
138831,20
138841,20
138851,20
138861,20
138871,20
138881,20
138891,20
138901,20
138911,20
138921,20
138931,20
138941,20
138951,20
138961,20
138971,20
138981,20
138991,20
139001,20
139011,20
139021,20
139031,20
139041,20
139051,20
139061,20
139071,20
139081,20
139091,20
139101,20
139111,20
139121,20
139131,20
139141,20
139151,20
139161,20
139172,20
139182,20
139193,20
139203,20
139213,20
139223,20
139233,20
139243,20
139253,20
139263,20
139274,20
139284,20
139295,20
139306,20
139316,20
139326,20
139336,20
139347,20
139357,20
139367,20
139377,20
139387,20
139397,20
139407,20
139417,20
139427,20
139437,20
139447,20
139457,20
139467,20
139477,20
139487,20
139497,20
139507,20
139517,20
139527,20
139537,20
139548,20
139558,20
139568,20
139578,20
139588,20
139598,20
139608,20
139618,20
139628,20
139638,20
139648,20
139658,20
139668,20
139678,20
139688,20
139698,20
139708,20
139718,20
139728,20
139738,20
139748,20
139758,20
139768,20
139778,20
139788,20
139798,20
139808,20
139818,20
139828,20
139838,20
139848,20
139858,20
139868,20
139878,20
139888,20
139898,20
139908,20
139919,20
139929,20
139939,20
139949,20
139959,20
139969,20
139979,20
139989,20
139999,20
140009,20
140019,20
140029,20
140039,20
140049,20
140059,20
140069,20
140079,20
140089,20
140099,20
140109,20
140119,20
140129,20
140139,20
140149,20
140159,20
140169,20
140179,20
140189,20
140199,20
140209,20
140219,20
140229,20
140239,20
140249,20
140259,20
140269,20
140279,20
140289,20
140300,20
140310,20
140320,20
140330,20
140340,20
140350,20
140360,20
140370,20
140380,20
140390,20
140400,20
140411,20
140422,20
140432,20
140442,20
140452,20
140462,20
140473,20
140483,20
140493,20
140504,20
140514,20
140524,20
140535,20
140545,20
140556,20
140566,20
140576,20
140586,20
140596,20
140606,20
140616,20
140626,20
140636,20
140646,20
140656,20
140666,20
140677,20
140688,20
140698,20
140708,20
140718,20
140728,20
140738,20
140748,20
140759,20
140770,20
140780,20
140791,20
140801,20
140811,20
140822,20
140833,20
140843,20
140853,20
140863,20
140874,20
140884,20
140894,20
140905,20
140915,20
140925,20
140935,20
140946,20
140956,20
140966,20
140976,20
140986,20
140996,20
141007,20
141018,20
141028,20
141038,20
141048,20
141058,20
141068,20
141078,20
141088,20
141099,20
141110,20
141120,20
141130,21
141140,21
141150,21
141160,21
141170,21
141180,21
141190,21
141200,21
141211,21
141221,21
141231,21
141241,21
141251,21
141261,21
141272,21
141282,21
141292,21
141302,21
141313,21
141324,21
141334,21
141345,21
141355,21
141365,21
141375,21
141385,21
141395,21
141405,21
141415,21
141425,21
141435,21
141445,21
141456,21
141466,21
141476,21
141486,21
141496,21
141506,21
141516,21
141526,21
141536,21
141546,21
141556,21
141566,21
141576,21
141586,21
141596,21
141606,21
141616,21
141626,21
141637,21
141647,21
141657,21
141667,21
141678,21
141688,21
141698,21
141708,21
141718,21
141728,21
141739,21
141749,21
141760,21
141770,21
141780,21
141791,21
141801,21
141811,21
141821,21
141831,21
141841,21
141851,21
141861,21
141871,21
141881,21
141891,21
141901,21
141911,21
141921,21
141931,21
141941,21
141951,21
141961,21
141971,21
141981,21
141991,21
142001,21
142011,21
142021,21
142031,21
142041,21
142051,21
142061,21
142071,21
142081,21
142091,21
142101,21
142111,21
142121,21
142131,21
142141,21
142152,21
142162,21
142172,21
142182,21
142192,21
142202,21
142212,21
142222,21
142232,21
142242,21
142252,21
142262,21
142272,21
142282,21
142292,21
142302,21
142312,21
142322,21
142332,21
142342,21
142352,21
142363,21
142373,21
142384,21
142394,21
142404,21
142415,21
142425,21
142435,21
142445,21
142455,21
142466,21
142477,21
142487,21
142497,21
142507,21
142517,21
142527,21
142538,21
142548,21
142558,21
142568,21
142578,21
142588,21
142598,21
142608,21
142618,21
142628,21
142639,21
142649,21
142660,21
142671,21
142682,21
142692,21
142703,21
142713,21
142724,21
142735,21
142746,21
142757,21
142767,21
142777,21
142788,21
142798,21
142809,21
142819,21
142829,21
142839,21
142849,21
142859,21
142869,21
142879,21
142889,21
142899,22
142909,22
142919,22
142929,22
142939,22
142949,22
142959,22
142969,22
142979,22
142989,22
142999,22
143009,22
143019,22
143029,22
143039,22
143049,22
143059,22
143069,22
143079,22
143089,22
143099,22
143109,22
143119,22
143129,22
143139,22
143149,22
143159,22
143169,22
143180,22
143190,22
143200,22
143210,22
143220,22
143230,22
143240,22
143250,22
143260,22
143270,22
143280,22
143290,22
143301,22
143311,22
143321,22
143331,22
143342,22
143352,22
143363,22
143373,22
143383,22
143393,22
143403,22
143413,22
143423,22
143433,22
143444,22
143454,22
143464,22
143474,22
143485,22
143495,22
143505,22
143515,22
143525,22
143535,22
143545,22
143555,22
143566,22
143577,22
143588,22
143598,22
143609,22
143619,22
143630,22
143640,22
143650,22
143661,22
143672,22
143682,22
143693,22
143704,22
143714,22
143724,22
143734,22
143744,22
143754,22
143764,22
143774,22
143784,22
143795,22
143805,22
143815,22
143825,22
143835,22
143845,22
143855,22
143865,22
143875,22
143885,22
143895,22
143906,22
143916,22
143928,22
143939,22
143949,22
143959,22
143969,22
143979,22
143989,22
144000,22
144010,22
144021,22
144031,22
144041,22
144051,22
144061,22
144071,22
144081,22
144091,22
144102,22
144113,22
144123,22
144133,22
144143,22
144153,22
144163,22
144173,22
144184,22
144195,22
144205,22
144215,22
144225,22
144237,22
144247,22
144257,22
144267,22
144277,22
144288,22
144299,22
144309,22
144319,22
144329,22
144340,22
144350,22
144360,22
144370,22
144381,22
144391,22
144401,22
144412,22
144423,22
144433,22
144443,22
144453,22
144463,22
144473,22
144483,22
144494,23
144505,23
144515,23
144525,23
144536,23
144546,23
144556,23
144566,23
144577,23
144587,23
144597,23
144607,23
144617,23
144628,23
144638,23
144649,23
144659,23
144669,23
144680,23
144690,23
144700,23
144710,23
144720,23
144730,23
144740,23
144751,23
144761,23
144771,23
144781,23
144791,23
144801,23
144811,23
144821,23
144831,23
144841,23
144851,23
144861,23
144871,23
144881,23
144892,23
144903,23
144914,23
144924,23
144935,23
144946,23
144957,23
144968,23
144978,23
144988,23
144998,23
145009,23
145020,23
145030,23
145041,23
145051,23
145061,23
145071,23
145082,23
145092,23
145102,23
145112,23
145122,23
145132,23
145142,23
145152,23
145162,23
145173,23
145183,23
145194,23
145204,23
145214,23
145225,23
145236,23
145246,23
145256,23
145266,23
145276,23
145286,23
145296,23
145306,23
145316,23
145326,23
145336,23
145346,23
145356,23
145366,23
145376,23
145386,23
145396,23
145407,23
145417,23
145427,23
145438,23
145449,23
145459,23
145469,23
145480,23
145490,23
145500,23
145510,23
145521,23
145531,23
145541,23
145551,23
145561,23
145572,23
145582,23
145592,23
145603,23
145614,23
145624,23
145635,23
145646,23
145656,23
145667,23
145677,23
145688,23
145698,23
145708,23
145719,23
145729,23
145740,23
145751,23
145761,23
145771,23
145782,23
145792,23
145802,23
145812,23
145822,23
145832,23
145846,23
145856,23
145866,23
145876,23
145886,23
145896,23
145906,23
145916,23
145926,23
145936,23
145946,23
145956,23
145966,23
145976,23
145986,23
145996,23
146007,23
146017,23
146027,23
146037,23
146047,23
146057,23
146067,23
146077,23
146087,23
146097,23
146107,24
146117,24
146127,24
146137,24
146147,24
146157,24
146167,24
146177,24
146188,24
146198,24
146208,24
146218,24
146228,24
146238,24
146248,25
146258,25
146268,25
146278,25
146288,25
146298,25
146308,26
146318,26
146328,26
146338,26
146348,26
146358,26
146368,26
146378,26
146388,26
146398,26
146408,26
146418,26
146428,26
146438,26
146448,26
146458,26
146468,26
146478,26
146488,26
146498,26
146508,26
146518,26
146528,26
146538,26
146548,26
146559,26
146569,26
146579,26
146590,26
146600,26
146610,26
146620,26
146630,27
146640,27
146650,27
146660,27
146670,27
146680,27
146690,27
146700,27
146710,27
146720,27
146730,27
146740,27
146750,27
146760,27
146770,27
146780,27
146790,27
146800,27
146810,27
146820,27
146830,27
146840,27
146850,27
146860,27
146870,27
146880,27
146890,27
146900,27
146910,27
146920,27
146931,27
146941,27
146951,27
146961,27
146971,27
146981,27
146991,27
147001,27
147011,27
147021,27
147031,27
147041,27
147051,27
147061,27
147071,27
147082,27
147092,27
147102,27
147112,27
147123,27
147133,27
147143,27
147153,27
147163,27
147173,27
147184,27
147194,27
147204,27
147214,27
147224,27
147234,29
147244,29
147255,29
147265,29
147275,29
147285,29
147295,29
147305,29
147315,29
147325,29
147335,29
147345,29
147355,29
147365,29
147376,29
147386,29
147396,29
147406,29
147416,29
147427,29
147437,29
147448,29
147458,29
147468,29
147478,29
147488,29
147498,29
147508,29
147518,29
147528,29
147538,29
147548,29
147559,29
147569,29
147579,29
147589,29
147599,29
147609,29
147619,29
147629,29
147639,29
147649,29
147659,29
147669,29
147679,29
147689,29
147699,29
147709,29
147719,29
147729,29
147739,29
147749,29
147760,29
147770,29
147780,29
147790,29
147800,29
147811,29
147822,29
147832,29
147842,29
147852,29
147862,29
147872,29
147882,29
147892,29
147902,29
147912,29
147922,29
147932,29
147942,29
147952,29
147962,29
147973,29
147983,29
147994,29
148004,29
148014,29
148025,29
148036,29
148046,29
148056,29
148066,29
148077,29
148087,29
148097,29
148107,29
148117,30
148128,30
148138,30
148149,30
148159,30
148169,30
148180,30
148190,30
148200,30
148211,30
148221,30
148232,30
148242,30
148252,30
148263,31
148273,31
148283,31
148294,31
148304,31
148315,31
148325,31
148335,32
148345,32
148355,32
148366,32
148377,32
148387,32
148397,32
148407,32
148418,32
148429,32
148439,32
148449,32
148460,32
148470,32
148480,32
148490,32
148500,32
148510,32
148520,32
148530,32
148540,32
148550,32
148561,32
148571,32
148581,32
148591,32
148601,32
148611,33
148621,33
148632,33
148643,33
148653,33
148663,33
148673,33
148683,33
148693,33
148703,33
148713,33
148724,33
148734,33
148744,33
148754,33
148764,33
148774,33
148784,33
148795,33
148805,33
148815,33
148825,33
148835,33
148845,33
148856,33
148866,33
148876,33
148887,33
148897,33
148907,33
148917,33
148927,33
148938,33
148948,33
148958,33
148968,33
148979,33
148989,33
148999,33
149009,33
149019,33
149030,33
149040,33
149051,33
149062,33
149072,33
149082,33
149093,33
149103,33
149114,33
149124,33
149134,33
149144,33
149154,33
149164,33
149175,33
149186,33
149196,33
149207,33
149217,33
149227,33
149238,33
149248,33
149258,33
149268,33
149279,33
149290,33
149300,33
149311,34
149322,34
149332,34
149342,34
149352,34
149363,34
149373,34
149384,34
149395,34
149405,34
149415,34
149426,34
149436,34
149446,34
149456,34
149466,34
149476,34
149486,34
149496,34
149506,34
149517,34
149527,34
149537,34
149547,34
149557,34
149568,34
149578,34
149588,34
149598,34
149608,34
149618,34
149628,34
149638,34
149648,34
149658,34
149668,34
149678,34
149688,34
149698,34
149708,34
149718,34
149728,34
149738,34
149748,34
149758,34
149768,34
149778,34
149789,34
149800,34
149810,34
149821,34
149831,34
149841,34
149851,34
149861,34
149872,34
149882,34
149892,34
149903,34
149913,34
149923,34
149933,34
149943,34
149954,34
149964,34
149975,34
149985,34
149996,34
150007,34
150017,34
150027,34
150037,34
150047,34
150057,34
150067,34
150077,34
150087,34
150097,34
150107,34
150118,34
150128,34
150138,34
150148,34
150158,34
150168,34
150179,34
150189,34
150200,34
150210,34
150220,34
150230,34
150240,34
150250,34
150260,34
150270,34
150280,34
150290,34
150300,34
150310,34
150320,34
150330,34
150340,34
150350,34
150360,34
150370,34
150380,34
150390,34
150400,34
150410,34
150420,34
150430,34
150440,34
150450,34
150460,34
150470,34
150481,34
150491,34
150501,34
150512,34
150522,34
150532,34
150542,34
150553,34
150563,34
150573,34
150583,34
150593,34
150603,34
150613,34
150623,34
150633,34
150643,34
150654,34
150664,34
150675,34
150685,34
150695,34
150705,34
150715,34
150725,34
150735,34
150745,34
150756,34
150766,34
150776,34
150786,34
150796,34
150807,34
150817,34
150828,34
150838,34
150848,34
150858,34
150869,34
150880,35
150890,35
150900,35
150910,35
150920,35
150930,35
150941,35
150951,35
150961,35
150971,35
150981,35
150991,35
151001,35
151011,35
151021,35
151031,35
151041,35
151051,35
151061,35
151071,35
151082,35
151092,35
151102,35
151112,35
151122,36
151132,36
151142,36
151153,36
151163,36
151173,36
151183,36
151193,36
151203,36
151213,36
151223,36
151233,36
151243,36
151253,36
151263,36
151273,36
151283,36
151293,36
151303,36
151313,36
151323,36
151333,36
151343,36
151353,36
151363,36
151373,36
151383,36
151393,36
151403,36
151413,36
151423,36
151433,36
151443,36
151453,36
151463,36
151473,36
151483,36
151493,36
151503,36
151513,36
151524,36
151534,36
151544,36
151554,36
151564,36
151574,36
151584,36
151594,36
151604,36
151614,37
151624,37
151634,37
151644,37
151654,37
151664,37
151674,37
151684,37
151694,37
151704,37
151714,37
151724,37
151734,37
151744,37
151754,37
151764,37
151774,37
151784,37
151794,37
151804,37
151814,37
151824,37
151834,37
151844,37
151854,37
151864,37
151874,37
151884,37
151895,37
151905,37
151915,37
151925,37
151935,37
151945,37
151955,37
151965,37
151975,37
151985,37
151995,37
152005,37
152015,37
152025,37
152035,37
152045,37
152055,37
152065,37
152075,37
152085,37
152095,37
152105,37
152115,37
152125,37
152135,37
152145,37
152155,37
152165,37
152175,37
152185,37
152195,37
152205,37
152215,37
152225,37
152235,37
152245,37
152255,37
152265,37
152276,37
152286,37
152296,37
152306,37
152316,37
152326,37
152336,37
152347,37
152357,37
152367,37
152378,37
152388,37
152399,37
152410,37
152420,37
152430,37
152440,37
152450,37
152460,37
152470,37
152480,37
152490,37
152500,37
152510,37
152520,37
152530,37
152540,37
152550,37
152560,37
152570,37
152580,37
152590,37
152600,37
152610,37
152620,37
152630,37
152641,37
152651,37
152661,37
152671,37
152681,37
152691,37
152701,37
152711,37
152721,37
152731,37
152741,37
152751,37
152761,37
152771,37
152781,37
152791,37
152801,37
152811,37
152821,37
152832,37
152842,37
152852,37
152862,37
152872,37
152882,37
152893,37
152903,37
152914,37
152924,37
152934,37
152944,37
152955,37
152965,37
152975,37
152985,37
152996,37
153006,37
153017,37
153027,37
153038,37
153049,37
153060,37
153070,37
153081,37
153091,37
153101,37
153111,37
153121,37
153131,37
153142,37
153152,37
153162,37
153172,37
153182,37
153193,37
153203,37
153213,37
153224,37
153234,38
153244,38
153255,38
153265,38
153275,38
153285,38
153295,38
153306,38
153316,38
153327,38
153337,38
153348,38
153358,38
153368,38
153378,38
153388,38
153398,38
153409,38
153419,38
153430,38
153441,38
153451,38
153461,38
153472,38
153482,38
153493,38
153503,38
153513,38
153523,38
153534,38
153544,38
153554,38
153564,38
153574,38
153584,38
153594,38
153604,38
153614,38
153624,38
153634,38
153644,38
153654,38
153664,38
153674,38
153684,38
153695,38
153706,38
153716,38
153726,38
153737,38
153748,38
153758,38
153768,38
153778,38
153788,38
153798,38
153808,38
153818,38
153828,38
153838,38
153849,38
153860,38
153870,38
153880,38
153890,38
153901,38
153911,38
153921,38
153931,38
153943,38
153954,38
153965,38
153975,38
153985,38
153996,38
154007,38
154017,38
154027,41
154038,41
154048,41
154058,41
154068,41
154078,41
154088,41
154098,41
154108,41
154118,42
154128,42
154139,42
154149,42
154159,42
154170,42
154180,42
154191,42
154201,42
154212,42
154222,42
154232,42
154242,42
154253,42
154263,42
154273,42
154283,42
154294,42
154304,42
154315,42
154325,42
154335,42
154346,42
154357,42
154367,42
154377,42
154388,42
154398,42
154409,42
154419,42
154430,42
154440,42
154450,42
154461,43
154472,43
154483,43
154493,43
154503,43
154514,43
154525,43
154536,43
154546,43
154556,43
154566,43
154577,43
154587,43
154597,43
154607,43
154617,43
154627,43
154637,43
154647,43
154658,43
154668,43
154678,43
154688,43
154698,43
154708,43
154719,43
154730,43
154741,43
154751,43
154762,43
154772,43
154783,43
154793,43
154804,43
154814,43
154824,43
154834,43
154844,43
154855,43
154865,44
154875,44
154885,44
154895,44
154906,44
154916,44
154926,44
154936,45
154946,45
154957,45
154967,45
154977,45
154988,45
154998,45
155008,45
155018,45
155028,45
155039,45
155049,45
155060,45
155070,45
155080,45
155091,45
155102,45
155112,45
155122,45
155132,45
155143,45
155153,45
155163,45
155173,45
155183,45
155193,45
155203,45
155214,45
155224,45
155235,45
155245,45
155256,45
155266,45
155276,45
155286,45
155296,45
155306,45
155316,45
155326,45
155336,45
155346,45
155356,46
155366,46
155376,46
155386,46
155396,46
155406,46
155416,46
155426,46
155436,46
155447,46
155457,46
155467,46
155477,46
155487,46
155498,46
155508,46
155518,46
155528,46
155539,46
155550,46
155560,46
155570,46
155580,46
155590,46
155600,46
155610,46
155620,46
155630,46
155641,46
155651,46
155661,46
155671,46
155682,46
155692,46
155703,46
155713,46
155723,46
155734,46
155744,46
155755,46
155765,46
155775,46
155785,46
155795,46
155805,46
155816,46
155827,46
155837,46
155848,46
155859,46
155869,46
155879,46
155889,46
155900,46
155910,46
155920,46
155930,46
155940,46
155951,46
155961,46
155972,46
155982,46
155993,46
156003,46
156013,46
156023,46
156033,46
156043,46
156054,46
156065,46
156075,46
156085,46
156095,46
156106,46
156117,46
156127,46
156138,46
156149,46
156159,46
156170,46
156180,46
156190,46
156200,46
156210,46
156221,46
156231,46
156241,46
156252,46
156262,46
156273,46
156283,46
156293,46
156304,46
156315,46
156326,46
156337,46
156348,46
156358,46
156368,46
156378,46
156388,46
156399,46
156409,46
156420,46
156430,46
156440,46
156451,46
156461,46
156472,46
156482,46
156492,46
156503,46
156513,46
156523,46
156534,46
156544,46
156554,46
156564,46
156575,46
156586,46
156596,46
156606,46
156616,46
156626,46
156636,46
156647,46
156657,46
156667,46
156677,46
156687,46
156697,46
156707,46
156718,46
156728,46
156738,46
156748,46
156758,46
156768,46
156778,46
156789,46
156800,46
156810,46
156820,46
156830,46
156840,46
156850,46
156860,46
156870,46
156881,46
156892,46
156903,46
156913,46
156923,46
156933,46
156943,46
156953,46
156963,46
156974,46
156985,46
156995,46
157005,46
157015,47
157025,47
157035,47
157045,47
157055,47
157066,47
157077,47
157087,47
157098,47
157108,47
157118,47
157129,47
157140,47
157150,47
157160,47
157170,47
157180,47
157190,47
157200,47
157210,47
157220,47
157230,47
157240,47
157250,47
157261,47
157271,47
157282,47
157292,47
157302,47
157312,47
157322,47
157332,47
157343,47
157354,47
157365,47
157376,47
157386,47
157396,47
157406,47
157416,47
157426,47
157436,47
157446,47
157456,47
157466,47
157476,47
157487,47
157497,47
157507,47
157517,47
157528,47
157538,47
157548,47
157559,47
157569,48
157579,49
157589,49
157599,49
157609,49
157619,49
157629,49
157639,49
157649,49
157659,49
157669,49
157679,49
157690,49
157700,49
157711,49
157722,49
157732,49
157742,49
157753,49
157763,49
157773,49
157783,49
157793,49
157803,49
157813,49
157823,49
157833,49
157843,49
157853,49
157863,49
157873,49
157884,49
157895,49
157905,49
157915,49
157926,49
157936,49
157947,49
157958,49
157968,49
157978,49
157988,49
157998,49
158009,49
158019,49
158029,49
158039,49
158049,49
158059,49
158069,49
158079,49
158089,50
158099,50
158109,50
158119,50
158129,50
158140,50
158150,50
158160,50
158170,50
158180,50
158191,50
158201,50
158212,51
158222,52
158233,52
158243,52
158253,52
158263,52
158273,52
158283,52
158294,52
158304,52
158314,52
158325,52
158335,52
158345,52
158355,52
158365,52
158376,52
158386,52
158396,52
158406,52
158416,52
158426,52
158436,52
158446,52
158456,52
158467,52
158477,52
158488,52
158498,52
158508,52
158519,52
158529,52
158540,52
158550,52
158560,52
158570,52
158580,52
158590,52
158600,52
158610,52
158621,52
158631,52
158642,52
158652,52
158662,52
158672,52
158682,52
158693,52
158703,52
158714,52
158724,52
158735,53
158745,53
158755,53
158765,53
158775,53
158785,53
158795,53
158805,53
158815,53
158825,53
158836,53
158846,53
158856,53
158867,53
158877,53
158888,53
158898,53
158908,53
158918,53
158928,55
158938,55
158948,55
158958,55
158968,55
158978,55
158988,55
158998,56
159008,56
159019,56
159029,56
159039,56
159049,56
159060,56
159070,56
159080,56
159090,56
159100,56
159110,56
159120,56
159130,56
159140,56
159150,56
159160,56
159170,56
159180,56
159190,56
159200,56
159210,56
159221,56
159231,56
159241,56
159251,56
159261,56
159271,56
159281,56
159291,56
159301,56
159311,56
159322,56
159332,56
159342,56
159352,56
159362,56
159372,56
159383,56
159393,56
159404,56
159414,56
159424,56
159434,56
159444,56
159454,56
159464,56
159474,56
159484,56
159495,56
159505,56
159515,56
159525,56
159535,56
159545,56
159555,56
159565,56
159575,56
159585,56
159595,57
159605,57
159615,57
159625,57
159635,58
159645,58
159655,58
159665,58
159675,58
159685,58
159695,58
159705,58
159715,58
159725,58
159735,58
159746,58
159756,58
159766,58
159776,58
159787,58
159797,58
159807,58
159817,58
159828,58
159839,58
159849,58
159859,58
159869,58
159879,58
159889,58
159899,58
159909,58
159919,58
159929,58
159940,58
159950,58
159960,58
159970,58
159980,58
159990,58
160001,58
160011,58
160021,58
160032,58
160042,58
160052,58
160062,58
160072,58
160082,58
160092,58
160102,58
160112,58
160122,58
160132,58
160142,58
160152,58
160163,58
160173,59
160183,59
160193,59
160203,59
160214,59
160224,59
160235,59
160245,59
160256,59
160266,59
160276,59
160286,59
160296,59
160307,59
160317,59
160327,59
160338,59
160349,59
160360,59
160371,59
160382,59
160392,59
160402,59
160413,59
160423,59
160433,59
160443,59
160453,59
160463,60
160474,60
160484,60
160495,60
160506,60
160516,60
160528,60
160539,60
160549,60
160559,60
160570,60
160581,60
160591,60
160601,60
160611,60
160622,60
160632,60
160642,60
160653,61
160664,61
160674,61
160685,61
160695,61
160705,61
160716,61
160726,61
160736,61
160746,61
160756,61
160766,61
160776,61
160787,61
160797,61
160807,61
160817,61
160827,61
160837,61
160847,61
160857,61
160867,61
160877,61
160887,61
160897,61
160907,61
160917,61
160927,61
160937,61
160947,61
160957,61
160967,61
160977,61
160987,61
160998,61
161009,61
161020,61
161031,61
161041,61
161051,61
161062,61
161073,61
161083,61
161093,61
161103,61
161114,61
161124,61
161134,61
161144,61
161154,61
161164,61
161174,61
161184,61
161194,61
161205,61
161215,61
161225,61
161235,61
161246,61
161256,61
161267,61
161277,61
161287,61
161297,61
161307,61
161318,61
161329,61
161339,61
161349,61
161359,61
161370,61
161380,61
161390,61
161400,61
161410,61
161421,61
161431,61
161441,61
161451,61
161461,61
161471,61
161481,61
161491,61
161501,61
161511,61
161521,61
161531,61
161541,61
161551,62
161561,62
161571,62
161582,62
161592,62
161602,62
161613,62
161624,62
161635,62
161645,62
161655,62
161666,62
161676,62
161687,62
161697,62
161707,62
161717,63
161727,63
161737,63
161747,63
161757,63
161767,63
161777,63
161787,63
161797,63
161807,64
161817,64
161827,64
161837,64
161847,64
161857,64
161867,64
161877,64
161887,64
161897,64
161907,64
161917,64
161927,64
161937,64
161947,64
161957,64
161967,64
161977,64
161987,64
161997,64
162007,64
162017,64
162028,64
162038,64
162048,64
162058,64
162068,64
162078,64
162088,64
162098,64
162108,64
162118,64
162128,64
162138,64
162148,64
162158,64
162168,64
162178,64
162188,64
162198,64
162208,64
162218,64
162228,64
162238,64
162248,64
162258,64
162268,64
162278,64
162288,64
162299,64
162309,64
162319,64
162329,64
162339,64
162349,64
162359,64
162369,64
162379,64
162389,64
162399,64
162409,64
162419,64
162429,64
162439,64
162449,64
162459,64
162469,64
162479,64
162489,64
162499,64
162509,64
162519,64
162529,64
162539,64
162549,64
162559,64
162569,64
162579,64
162589,64
162599,64
162609,64
162619,64
162629,64
162639,64
162649,64
162659,64
162669,64
162680,64
162690,64
162700,64
162710,64
162720,64
162730,64
162740,64
162750,64
162760,64
162770,64
162780,64
162790,64
162800,64
162810,64
162820,64
162830,64
162840,64
162850,64
162860,64
162870,64
162880,64
162890,64
162900,64
162910,64
162920,64
162930,64
162940,64
162950,64
162960,64
162970,66
162980,66
162990,66
163000,66
163010,66
163020,66
163030,66
163040,66
163051,66
163061,66
163071,66
163081,66
163091,66
163101,66
163111,66
163121,66
163131,66
163141,66
163151,66
163161,66
163171,66
163181,66
163191,66
163201,66
163211,66
163221,66
163231,66
163241,66
163251,66
163261,66
163271,66
163281,66
163291,66
163301,66
163311,66
163321,66
163331,66
163341,66
163351,66
163361,66
163371,66
163381,66
163391,66
163401,66
163411,66
163422,66
163432,66
163442,66
163452,66
163462,66
163472,66
163482,66
163492,66
163502,66
163512,66
163522,66
163532,66
163542,66
163552,66
163562,66
163572,66
163582,66
163592,66
163602,66
163612,66
163622,66
163632,66
163642,66
163652,66
163662,66
163672,66
163682,66
163692,66
163702,66
163712,67
163722,67
163732,67
163742,67
163752,67
163762,67
163772,67
163782,67
163793,67
163803,67
163813,67
163823,67
163833,67
163843,67
163853,67
163863,67
163873,67
163883,67
163893,67
163903,67
163913,67
163923,67
163933,67
163943,67
163953,67
163963,67
163973,67
163983,67
163993,67
164003,67
164013,67
164023,67
164033,67
164043,67
164053,67
164063,67
164073,67
164083,67
164093,67
164103,67
164113,67
164123,67
164133,67
164143,67
164153,67
164163,67
164174,67
164184,67
164194,67
164204,67
164214,67
164224,67
164234,67
164244,67
164254,67
164264,67
164274,67
164284,67
164294,67
164304,67
164314,67
164324,67
164334,67
164344,67
164354,67
164364,67
164374,67
164384,67
164394,67
164404,67
164414,67
164424,67
164434,67
164444,67
164454,67
164464,67
164474,67
164484,67
164494,67
164504,67
164514,67
164524,67
164534,67
164545,67
164555,67
164565,67
164575,67
164585,67
164595,67
164605,67
164615,67
164625,67
164635,67
164645,67
164655,67
164665,67
164675,67
164685,67
164695,67
164705,67
164715,67
164725,67
164735,67
164745,67
164755,67
164765,67
164775,67
164785,67
164795,67
164805,67
164815,67
164825,67
164835,67
164845,67
164855,67
164865,67
164875,67
164885,67
164895,67
164905,67
164916,67
164926,67
164936,67
164946,67
164956,67
164966,67
164976,67
164986,67
164996,67
165006,67
165016,67
165026,67
165036,67
165046,67
165056,67
165066,67
165076,67
165086,67
165096,67
165106,67
165116,67
165126,67
165136,67
165146,67
165156,67
165166,67
165176,67
165186,67
165196,67
165206,67
165216,67
165226,67
165236,67
165246,67
165256,67
165266,67
165276,67
165286,67
165297,67
165307,67
165317,67
165327,67
165337,67
165347,67
165357,67
165367,67
165377,67
165387,67
165397,67
165407,67
165417,67
165427,67
165437,67
165447,67
165457,67
165467,67
165477,67
165487,67
165497,67
165507,67
165517,67
165527,67
165537,67
165547,67
165557,67
165567,67
165577,67
165587,67
165597,67
165607,67
165617,67
165627,67
165637,67
165647,67
165657,67
165668,67
165678,67
165688,67
165698,67
165708,67
165718,67
165728,67
165738,67
165748,67
165758,67
165768,67
165778,67
165788,67
165798,67
165808,67
165818,67
165828,67
165838,67
165848,67
165858,67
165868,67
165878,67
165888,67
165898,67
165908,67
165918,67
165928,67
165938,67
165948,67
165958,67
165968,67
165978,67
165988,67
165998,67
166009,67
166019,67
166029,67
166039,67
166050,67
166060,67
166070,67
166080,67
166090,67
166100,67
166110,67
166120,67
166130,67
166140,67
166150,67
166160,67
166170,67
166180,67
166190,67
166200,67
166210,67
166220,68
166230,68
166240,68
166250,68
166260,68
166270,68
166280,68
166290,68
166300,68
166310,68
166320,68
166330,68
166340,68
166350,68
166360,68
166370,68
166380,68
166390,68
166400,68
166410,68
166421,68
166431,68
166441,68
166451,68
166461,68
166471,68
166481,68
166491,68
166501,68
166511,68
166521,68
166531,68
166541,68
166551,68
166561,68
166571,68
166581,68
166591,68
166601,68
166611,68
166621,68
166631,68
166641,68
166651,68
166661,68
166671,68
166681,68
166691,68
166701,68
166711,68
166721,68
166731,68
166741,68
166751,68
166761,68
166771,68
166781,68
166791,68
166802,68
166812,68
166822,68
166832,68
166842,68
166852,68
166862,68
166872,68
166882,68
166892,68
166902,68
166912,69
166922,69
166932,69
166942,69
166952,69
166962,69
166972,69
166982,69
166992,69
167002,69
167012,69
167022,69
167032,69
167042,69
167052,69
167062,69
167072,69
167082,69
167092,69
167102,69
167112,69
167122,69
167132,69
167142,69
167152,69
167162,69
167173,69
167183,69
167193,69
167203,69
167213,69
167223,69
167233,69
167243,69
167253,69
167263,69
167273,69
167283,69
167293,69
167303,69
167313,69
167323,69
167333,70
167343,70
167353,70
167363,70
167373,70
167383,70
167393,70
167403,70
167413,70
167423,70
167433,70
167443,70
167453,70
167463,71
167473,71
167483,71
167493,71
167503,71
167513,71
167523,71
167533,71
167544,71
167554,71
167564,71
167574,71
167584,71
167594,71
167604,71
167614,71
167624,71
167634,72
167644,72
167654,72
167664,72
167674,73
167684,73
167694,74
167704,74
167714,74
167724,74
167734,74
167744,74
167754,74
167764,74
167774,74
167784,74
167794,75
167804,75
167814,75
167824,75
167834,75
167844,75
167854,75
167864,75
167874,75
167884,75
167894,75
167904,75
167915,75
167925,75
167935,75
167945,75
167955,75
167965,75
167975,75
167985,75
167995,75
168005,75
168015,75
168025,75
168035,75
168045,75
168055,75
168065,75
168075,75
168085,75
168095,75
168105,75
168115,75
168125,75
168135,75
168145,75
168155,75
168165,75
168175,75
168185,75
168195,75
168205,75
168215,75
168225,75
168235,75
168245,75
168255,75
168265,75
168275,75
168285,75
168296,75
168306,75
168316,75
168326,75
168336,75
168346,75
168356,75
168366,75
168376,75
168386,75
168396,75
168406,75
168416,75
168426,75
168436,75
168446,75
168456,75
168466,75
168476,75
168486,75
168496,75
168506,75
168516,75
168526,75
168536,75
168546,75
168556,75
168566,75
168576,75
168586,75
168596,75
168606,75
168616,75
168626,75
168636,75
168646,75
168656,75
168667,75
168677,75
168687,75
168697,75
168707,75
168717,75
168727,75
168737,75
168747,75
168757,75
168767,75
168777,75
168787,75
168797,75
168807,75
168817,75
168827,75
168837,75
168847,75
168857,75
168867,75
168877,75
168887,75
168897,75
168907,75
168917,75
168927,75
168937,75
168947,75
168957,75
168967,75
168977,75
168987,75
168997,75
169007,75
169017,75
169027,75
169038,75
169048,75
169058,75
169068,75
169078,75
169088,75
169098,75
169108,75
169118,75
169128,75
169138,75
169148,75
169158,75
169168,75
169178,75
169188,75
169198,75
169208,75
169218,75
169228,75
169238,75
169248,75
169258,75
169268,75
169278,75
169288,75
169298,75
169308,75
169318,75
169328,75
169338,75
169348,75
169358,75
169368,75
169378,75
169388,75
169398,75
169408,75
169419,75
169429,75
169439,75
169449,75
169459,75
169469,75
169479,75
169489,75
169499,75
169509,75
169519,75
169529,75
169539,75
169549,75
169559,75
169569,75
169579,75
169589,75
169599,75
169609,75
169619,75
169629,75
169639,75
169649,75
169659,75
169669,75
169679,75
169689,75
169699,75
169709,75
169719,75
169729,75
169739,75
169749,75
169759,75
169769,75
169779,75
169790,75
169800,75
169810,75
169820,75
169830,75
169840,75
169850,75
169860,75
169870,75
169880,75
169890,75
169900,75
169910,75
169920,75
169930,75
169940,75
169950,75
169960,75
169970,75
169980,75
169990,75
170000,75
170010,75
170020,75
170030,75
170040,75
170050,75
170060,75
170070,75
170080,75
170090,75
170100,75
170110,75
170120,75
170130,75
170140,75
170150,75
170161,75
170171,75
170181,75
170191,75
170201,75
170211,75
170221,75
170231,75
170241,75
170251,75
170261,75
170271,75
170281,75
170291,75
170301,75
170311,75
170321,75
170331,75
170341,75
170351,75
170361,75
170376,75
170386,75
170396,75
170406,75
170416,75
170426,75
170436,75
170446,75
170456,75
170466,75
170476,75
170486,75
170496,75
170506,75
170516,75
170526,75
170537,75
170547,75
170557,75
170567,75
170577,75
170587,75
170597,75
170607,75
170617,75
170627,75
170637,75
170647,75
170657,75
170667,75
170677,75
170687,75
170697,75
170707,75
170717,75
170727,75
170737,75
170747,75
170757,75
170767,75
170777,75
170787,75
170797,75
170807,75
170817,75
170827,75
170837,75
170847,75
170857,75
170867,75
170877,75
170887,75
170897,75
170908,75
170918,75
170928,75
170938,75
170948,75
170958,75
170968,75
170978,75
170988,75
170998,75
171009,75
171019,75
171029,75
171039,75
171049,75
171059,75
171069,75
171079,75
171089,75
171099,75
171110,75
171120,75
171130,75
171140,75
171150,75
171160,75
171170,75
171180,75
171190,75
171200,75
171210,75
171220,75
171230,75
171240,75
171250,75
171260,75
171270,75
171280,75
171290,75
171300,75
171310,75
171320,75
171330,75
171340,75
171350,75
171360,75
171370,75
171380,75
171390,75
171400,75
171410,75
171420,75
171430,75
171440,75
171450,75
171460,75
171470,75
171481,75
171491,75
171501,75
171511,75
171521,75
171531,75
171541,75
171551,75
171561,75
171571,75
171581,75
171591,75
171601,75
171611,75
171621,75
171631,75
171641,75
171651,75
171661,75
171671,75
171681,75
171691,75
171701,75
171711,75
171721,75
171731,75
171741,75
171751,75
171761,75
171771,75
171781,75
171791,75
171801,75
171811,75
171821,75
171831,75
171841,75
171851,75
171862,75
171872,75
171882,75
171892,75
171902,76
171912,76
171922,76
171932,76
171942,76
171952,76
171962,76
171972,76
171982,76
171992,76
172002,76
172013,76
172023,76
172033,76
172043,76
172053,76
172063,76
172073,76
172083,76
172093,76
172103,76
172113,76
172123,76
172133,76
172143,76
172153,76
172163,76
172173,76
172183,76
172193,76
172203,76
172213,76
172223,76
172233,76
172244,76
172254,76
172264,76
172274,76
172284,76
172294,76
172304,76
172314,76
172324,76
172334,77
172344,77
172354,77
172364,77
172374,77
172384,77
172394,77
172404,77
172414,77
172424,77
172434,77
172444,77
172454,77
172464,77
172474,77
172484,77
172494,77
172504,77
172514,77
172524,77
172534,77
172544,77
172554,77
172564,77
172574,79
172584,79
172594,79
172604,79
172615,79
172625,79
172635,79
172645,79
172655,79
172665,79
172675,79
172685,79
172695,79
172705,79
172715,79
172725,79
172735,79
172745,79
172755,79
172765,79
172775,79
172785,79
172795,79
172805,79
172815,79
172825,79
172835,79
172845,79
172855,79
172865,79
172875,79
172885,79
172895,79
172905,79
172915,79
172925,79
172935,79
172945,79
172955,79
172965,79
172975,79
172986,79
172996,79
173006,79
173016,79
173026,79
173036,79
173046,79
173056,79
173066,79
173076,79
173086,79
173096,79
173106,79
173116,79
173126,79
173136,79
173146,79
173156,79
173166,79
173176,79
173186,79
173196,79
173206,79
173216,79
173226,79
173236,79
173246,79
173256,79
173266,79
173276,79
173286,79
173296,79
173306,79
173316,79
173326,79
173336,79
173346,79
173356,79
173367,79
173377,79
173387,79
173397,79
173407,79
173417,79
173427,79
173437,79
173447,79
173457,79
173467,79
173477,79
173487,79
173497,79
173507,79
173517,79
173527,79
173537,79
173547,79
173557,79
173567,79
173577,79
173587,79
173597,79
173607,79
173617,79
173627,79
173637,79
173647,79
173657,79
173667,79
173677,79
173687,79
173697,79
173707,79
173717,79
173727,79
173738,79
173748,79
173758,79
173768,79
173778,79
173788,79
173798,79
173808,79
173818,79
173828,79
173838,79
173848,79
173858,79
173868,79
173878,80
173888,80
173898,80
173908,80
173918,80
173928,80
173938,80
173948,80
173958,80
173968,80
173978,80
173988,80
173998,80
174008,80
174018,80
174028,80
174038,80
174048,80
174058,80
174068,80
174078,80
174088,80
174098,80
174109,80
174119,80
174129,80
174139,80
174149,80
174159,80
174169,80
174179,80
174189,80
174199,80
174209,80
174219,80
174229,80
174239,80
174249,80
174259,80
174269,80
174279,80
174289,80
174299,80
174309,80
174319,80
174329,80
174339,80
174349,80
174359,80
174369,80
174379,80
174389,80
174399,80
174409,80
174419,80
174429,80
174439,80
174449,80
174459,80
174469,80
174480,80
174490,80
174500,80
174510,80
174520,80
174530,80
174540,81
174550,81
174560,81
174570,81
174580,81
174590,81
174600,81
174610,82
174620,82
174630,82
174640,82
174650,82
174660,82
174670,82
174680,82
174690,82
174700,82
174710,82
174720,82
174730,82
174740,82
174750,82
174760,82
174770,82
174780,82
174790,82
174800,82
174810,82
174820,82
174830,82
174840,82
174850,82
174861,82
174871,82
174881,82
174891,83
174901,83
174911,84
174921,84
174931,84
174941,84
174951,84
174961,84
174971,84
174981,84
174991,84
175001,84
175011,84
175021,84
175031,84
175041,84
175051,84
175061,84
175071,84
175081,84
175091,84
175101,84
175111,84
175121,84
175131,84
175141,84
175151,84
175161,84
175171,84
175181,84
175191,84
175201,84
175211,84
175221,84
175232,84
175242,84
175252,84
175262,84
175272,84
175282,84
175292,84
175302,84
175312,84
175322,84
175332,84
175342,84
175352,84
175362,84
175372,84
175382,84
175392,84
175402,84
175412,84
175422,84
175432,84
175442,84
175452,84
175462,84
175472,84
175482,84
175492,84
175502,84
175512,84
175522,84
175532,84
175542,84
175552,84
175562,84
175572,84
175582,84
175592,84
175603,84
175613,84
175623,84
175633,84
175643,84
175653,84
175663,84
175673,84
175683,84
175693,84
175703,84
175713,84
175723,84
175733,84
175743,84
175753,84
175763,84
175773,84
175783,84
175793,84
175803,84
175813,84
175823,84
175833,84
175843,84
175853,84
175863,84
175873,84
175883,84
175893,84
175903,84
175913,84
175923,84
175933,84
175943,84
175953,84
175963,84
175973,84
175983,84
175993,84
176004,84
176014,84
176024,84
176034,84
176044,84
176054,84
176064,84
176074,84
176084,84
176094,84
176104,84
176114,84
176124,84
176134,84
176144,84
176154,84
176164,84
176174,84
176184,84
176194,84
176204,84
176214,84
176224,84
176234,84
176244,84
176254,84
176264,84
176274,84
176284,84
176294,84
176304,84
176314,84
176324,84
176334,84
176344,84
176354,84
176365,84
176375,84
176385,84
176395,84
176405,84
176415,84
176425,84
176435,84
176445,84
176455,84
176465,84
176475,84
176485,84
176495,84
176505,84
176515,84
176525,84
176535,84
176545,84
176555,84
176565,84
176575,84
176585,84
176595,84
176605,84
176615,84
176625,84
176635,84
176645,84
176655,84
176665,84
176675,84
176685,84
176695,84
176705,84
176715,84
176725,84
176736,84
176746,84
176756,84
176766,84
176776,84
176786,84
176796,84
176806,84
176816,84
176826,84
176836,84
176846,84
176856,84
176866,84
176876,84
176886,84
176896,84
176906,84
176916,84
176926,84
176936,84
176946,84
176956,84
176966,84
176976,84
176986,84
176996,84
177006,84
177016,84
177026,84
177036,84
177046,84
177056,84
177066,84
177076,84
177086,84
177096,84
177107,84
177117,84
177127,84
177137,84
177147,84
177157,84
177167,84
177177,84
177187,84
177197,84
177207,84
177217,84
177227,84
177237,84
177247,84
177257,84
177267,84
177277,84
177287,84
177297,84
177307,84
177317,84
177327,84
177337,84
177347,84
177357,84
177367,84
177377,84
177387,84
177397,84
177407,84
177417,84
177427,84
177437,84
177447,84
177457,84
177467,84
177477,84
177488,84
177498,84
177508,84
177518,84
177528,84
177538,84
177548,84
177558,84
177568,84
177578,84
177588,84
177598,84
177608,84
177618,84
177628,84
177638,84
177648,84
177658,84
177668,84
177678,84
177688,84
177698,84
177708,84
177718,84
177728,84
177738,84
177748,84
177758,84
177768,84
177778,84
177788,84
177798,84
177808,84
177818,84
177828,84
177838,84
177848,84
177859,84
177869,84
177879,84
177889,84
177899,84
177909,84
177919,84
177929,84
177939,85
177949,85
177959,85
177969,85
177979,85
177989,85
177999,85
178009,85
178019,85
178029,85
178039,85
178049,85
178059,85
178069,86
178079,86
178089,86
178099,86
178109,86
178119,86
178129,86
178139,86
178149,86
178159,86
178169,86
178179,86
178189,86
178199,86
178209,86
178219,86
178230,86
178240,86
178250,86
178260,86
178270,86
178280,86
178290,86
178300,86
178310,86
178320,86
178330,86
178340,86
178350,86
178360,86
178370,86
178380,86
178390,86
178400,86
178410,86
178420,86
178430,86
178440,86
178450,86
178460,86
178470,86
178480,86
178490,86
178500,86
178510,86
178520,86
178530,86
178540,86
178550,86
178560,86
178570,86
178580,86
178590,86
178601,86
178611,86
178621,86
178631,86
178641,86
178651,86
178661,86
178671,86
178681,86
178691,86
178701,86
178711,86
178721,86
178731,86
178741,86
178751,86
178761,86
178771,86
178781,86
178791,86
178801,86
178811,86
178821,86
178831,86
178841,86
178851,86
178861,86
178871,86
178881,86
178891,86
178901,86
178911,86
178921,86
178931,86
178941,86
178951,86
178961,86
178971,86
178982,86
178992,86
179002,86
179012,86
179022,86
179032,86
179042,86
179052,86
179062,86
179072,86
179082,86
179092,86
179102,86
179112,86
179122,86
179132,86
179142,86
179152,86
179162,86
179172,86
179182,88
179192,88
179202,88
179212,88
179222,88
179232,88
179242,88
179252,88
179262,88
179272,88
179282,88
179292,88
179302,88
179312,88
179322,88
179332,88
179342,88
179353,88
179363,88
179373,88
179383,88
179393,88
179403,88
179413,88
179423,88
179433,88
179443,88
179453,88
179463,88
179473,88
179483,88
179493,88
179503,88
179513,88
179523,88
179533,88
179543,88
179553,88
179563,88
179573,88
179583,88
179593,88
179603,88
179613,88
179623,88
179633,88
179643,88
179653,88
179663,88
179673,88
179683,88
179693,88
179703,88
179713,88
179724,88
179734,88
179744,88
179754,88
179764,88
179774,88
179784,88
179794,88
179804,88
179814,88
179824,88
179834,88
179844,88
179854,89
179864,89
179874,89
179884,89
179894,89
179904,89
179914,89
179924,89
179934,89
179944,89
179954,89
179964,89
179974,89
179984,89
179994,89
180004,89
180014,89
180024,89
180034,89
180044,89
180054,89
180064,89
180074,89
180084,89
180094,89
180105,89
180115,89
180125,89
180135,89
180145,89
180155,89
180165,89
180175,89
180185,89
180195,89
180205,89
180215,89
180225,89
180235,89
180245,89
180255,89
180265,89
180275,89
180285,89
180295,89
180305,89
180315,89
180325,89
180335,89
180345,89
180355,89
180365,89
180375,89
180385,89
180395,89
180405,89
180415,89
180425,89
180435,89
180445,89
180455,89
180465,89
180476,89
180486,89
180496,89
180506,89
180516,89
180526,89
180536,89
180546,89
180556,89
180566,89
180576,89
180586,89
180596,89
180606,89
180616,89
180626,89
180636,89
180646,89
180656,89
180666,89
180676,89
180686,89
180696,89
180706,89
180716,89
180726,89
180736,89
180746,89
180756,89
180766,89
180776,89
180786,89
180796,89
180806,89
180816,89
180826,89
180836,89
180847,89
180857,89
180867,89
180877,89
180887,89
180897,89
180907,89
180917,89
180927,89
180937,89
180947,89
180957,89
180967,89
180977,89
180987,89
180997,89
181008,89
181018,89
181028,89
181038,89
181048,89
181058,89
181068,89
181078,89
181089,89
181099,89
181109,89
181119,89
181129,89
181139,89
181149,89
181159,89
181169,89
181179,89
181189,89
181199,89
181209,89
181219,89
181229,89
181239,89
181249,89
181259,89
181269,89
181279,89
181289,89
181299,89
181309,89
181319,89
181329,89
181339,89
181349,89
181359,89
181369,89
181379,89
181389,89
181399,89
181409,89
181419,89
181430,89
181440,89
181450,89
181460,89
181470,89
181480,89
181490,89
181500,89
181510,89
181520,89
181530,89
181540,89
181550,89
181560,89
181570,89
181580,89
181590,89
181600,89
181610,89
181620,89
181630,89
181640,89
181650,89
181660,89
181670,89
181680,89
181690,89
181700,89
181710,89
181720,89
181730,89
181740,89
181750,89
181760,89
181770,89
181781,89
181791,89
181801,89
181812,89
181822,89
181832,89
181842,89
181853,89
181863,89
181874,89
181884,89
181895,89
181905,89
181916,89
181926,89
181936,89
181946,89
181957,89
181968,89
181978,89
181989,89
182000,89
182010,89
182020,89
182030,89
182040,89
182050,89
182060,89
182070,89
182081,89
182091,89
182101,89
182112,89
182122,89
182132,89
182143,89
182153,89
182163,89
182174,89
182184,89
182194,89
182204,89
182214,89
182224,89
182234,89
182244,89
182254,89
182264,89
182274,89
182284,89
182294,89
182304,89
182315,89
182325,89
182336,89
182346,89
182356,89
182367,89
182378,89
182389,89
182399,89
182410,89
182420,89
182431,89
182442,89
182453,89
182464,89
182475,89
182485,89
182495,89
182505,89
182515,89
182526,89
182536,89
182546,89
182556,90
182566,90
182576,90
182586,90
182596,90
182606,90
182617,91
182628,91
182638,91
182648,91
182658,91
182669,91
182679,91
182690,91
182700,91
182710,91
182721,91
182732,91
182742,91
182753,91
182764,91
182774,91
182784,91
182795,91
182805,91
182815,91
182825,91
182835,91
182845,91
182856,91
182866,91
182876,91
182886,91
182896,91
182906,91
182916,91
182926,91
182937,91
182947,91
182957,91
182967,91
182978,91
182989,91
182999,91
183010,91
183020,91
183031,91
183041,91
183051,91
183061,91
183072,91
183083,91
183094,91
183104,91
183114,91
183124,91
183134,91
183144,91
183155,91
183165,91
183175,91
183185,91
183195,91
183205,91
183215,91
183225,91
183235,91
183245,91
183255,91
183265,91
183275,91
183285,91
183295,91
183305,91
183316,91
183326,91
183336,91
183346,91
183356,91
183367,91
183377,91
183387,91
183397,91
183408,91
183418,91
183429,91
183440,91
183451,91
183461,91
183471,91
183481,91
183491,91
183502,91
183513,92
183523,92
183533,92
183543,92
183553,92
183564,92
183574,93
183584,93
183595,93
183605,93
183616,93
183626,93
183636,93
183646,93
183656,93
183666,93
183676,93
183686,93
183696,93
183706,93
183716,93
183726,93
183736,93
183746,93
183756,93
183766,93
183776,93
183786,93
183796,93
183807,93
183817,93
183827,93
183837,93
183848,93
183858,93
183868,93
183879,93
183889,93
183899,93
183909,93
183919,93
183930,93
183940,93
183950,93
183960,93
183971,93
183981,93
183992,93
184003,93
184013,93
184023,93
184033,93
184044,93
184055,93
184065,93
184075,93
184086,93
184097,93
184109,93
184120,93
184130,93
184140,93
184150,93
184160,93
184170,93
184180,93
184190,93
184200,93
184210,93
184221,93
184231,93
184241,93
184251,94
184262,94
184272,94
184283,94
184293,94
184303,94
184314,94
184324,94
184334,94
184344,94
184354,94
184364,94
184375,94
184386,94
184396,94
184406,94
184417,94
184427,94
184437,94
184447,94
184458,94
184469,94
184479,94
184489,94
184499,94
184510,94
184520,94
184531,94
184541,94
184551,95
184561,95
184572,95
184582,95
184593,95
184603,95
184613,95
184623,95
184634,95
184644,95
184654,95
184664,95
184674,95
184685,95
184695,95
184705,95
184715,95
184725,95
184736,95
184746,95
184757,95
184767,95
184778,95
184789,95
184799,95
184809,95
184820,95
184830,95
184840,95
184850,95
184860,95
184870,95
184880,95
184890,95
184900,95
184910,95
184920,96
184930,96
184940,96
184950,96
184960,96
184970,96
184981,96
184991,96
185002,96
185013,96
185023,96
185033,96
185044,96
185054,96
185064,96
185074,96
185084,96
185094,96
185104,96
185115,96
185126,96
185136,96
185146,97
185156,97
185166,97
185176,97
185186,97
185197,97
185207,97
185217,97
185227,97
185237,97
185247,97
185257,97
185267,97
185278,97
185288,97
185298,97
185308,97
185318,97
185328,97
185338,97
185349,97
185359,97
185369,97
185380,97
185391,97
185402,97
185413,97
185423,97
185433,97
185443,97
185453,97
185464,97
185474,97
185484,97
185494,97
185504,97
185515,97
185525,97
185535,97
185546,97
185556,97
185566,97
185576,97
185587,98
185598,98
185608,98
185618,98
185629,98
185639,98
185649,98
185660,98
185670,98
185680,98
185690,98
185700,98
185710,98
185721,98
185731,98
185742,98
185752,98
185763,98
185773,98
185783,98
185793,98
185803,99
185813,99
185823,99
185834,99
185844,99
185855,99
185865,99
185875,99
185886,99
185896,99
185907,99
185917,99
185927,99
185938,99
185948,99
185959,99
185969,99
185980,99
185990,99
186000,99
186010,99
186020,99
186030,99
186041,99
186051,99
186061,99
186071,99
186082,99
186092,99
186102,99
186112,99
186122,99
186132,99
186142,99
186152,99
186162,99
186172,99
186182,99
186192,99
186202,99
186212,99
186222,99
186233,99
186244,99
186254,99
186265,99
186275,99
186285,99
186296,99
186306,99
186316,99
186326,99
186336,99
186346,99
186357,99
186368,99
186379,99
186389,99
186399,99
186409,99
186420,99
186430,99
186440,99
186450,99
186460,99
186470,99
186480,99
186491,99
186501,99
186511,99
186521,99
186531,99
186541,99
186552,99
186562,99
186573,99
186583,99
186594,99
186604,99
186614,99
186624,99
186634,99
186644,99
186654,99
186664,99
186675,99
186685,99
186696,99
186706,99
186717,99
186727,99
186737,99
186747,99
186758,99
186768,99
186779,99
186789,99
186799,99
186809,99
186819,99
186829,99
186840,99
186850,99
186860,99
186870,99
186880,99
186890,99
186900,99
186910,99
186920,99
186930,99
186940,99
186950,99
186960,99
186970,99
186981,99
186991,99
187001,99
187011,99
187021,99
187031,99
187041,99
187051,99
187061,99
187071,99
187081,99
187091,99
187101,99
187111,99
187121,99
187131,99
187141,99
187152,99
187162,99
187173,99
187183,99
187194,99
187204,99
187214,99
187224,99
187234,99
187244,99
187254,99
187264,99
187274,99
187284,99
187295,99
187305,99
187315,99
187325,99
187335,99
187345,99
187355,99
187365,99
187376,99
187386,99
187396,99
187406,99
187417,99
187427,99
187437,99
187448,99
187458,99
187469,99
187479,99
187489,99
187499,99
187509,99
187520,99
187530,99
187540,99
187550,99
187560,99
187570,99
187581,99
187592,99
187602,99
187612,99
187623,99
187633,99
187644,99
187654,99
187665,99
187676,99
187686,99
187696,99
187706,99
187716,99
187726,99
187736,99
187746,99
187756,99
187766,99
187776,99
187787,99
187797,99
187807,99
187817,99
187827,99
187837,99
187848,99
187858,99
187868,99
187878,99
187889,99
187899,99
187910,99
187920,99
187931,99
187941,99
187952,99
187962,99
187973,99
187983,99
187994,99
188005,99
188015,99
188026,99
188037,99
188047,99
188057,99
188068,99
188078,99
188088,99
188098,99
188109,99
188119,99
188130,99
188140,99
188151,99
188161,99
188172,99
188182,99
188192,99
188202,99
188212,99
188222,99
188232,99
188243,99
188253,99
188263,99
188273,99
188283,99
188293,99
188303,100
188315,100
188326,100
188336,100
188347,100
188357,100
188367,100
188377,100
188387,100
188397,100
188407,100
188417,100
188428,100
188438,100
188448,100
188458,100
188468,100
188479,100
188489,100
188500,100
188510,100
188521,100
188532,100
188543,100
188553,100
188564,100
188574,100
188584,100
188594,100
188604,100
188614,100
188624,100
188634,100
188645,100
188655,100
188665,100
188676,100
188686,100
188697,100
188707,100
188717,100
188727,100
188737,100
188747,100
188757,100
188767,100
188777,100
188787,100
188797,100
188807,100
188818,100
188828,100
188838,100
188848,100
188859,100
188870,100
188881,100
188891,100
188902,100
188912,100
188922,100
188932,100
188942,101
188952,101
188963,101
