249779895,0
249779906,0
249779917,0
249779927,0
249779938,0
249779948,0
249779959,0
249779969,0
249779979,0
249779990,0
249780000,0
249780010,0
249780020,0
249780030,0
249780040,0
249780051,0
249780061,0
249780072,0
249780082,0
249780092,0
249780102,0
249780112,0
249780122,0
249780132,0
249780142,0
249780153,0
249780164,0
249780174,0
249780184,0
249780195,0
249780205,0
249780215,0
249780225,0
249780235,0
249780246,0
249780256,0
249780266,0
249780277,0
249780288,0
249780298,0
249780308,0
249780318,0
249780329,0
249780339,0
249780349,0
249780359,0
249780369,0
249780379,0
249780390,0
249780400,0
249780410,0
249780421,0
249780431,0
249780441,0
249780451,0
249780461,0
249780471,0
249780481,0
249780491,0
249780501,0
249780512,0
249780522,0
249780533,0
249780543,0
249780553,0
249780564,0
249780574,0
249780584,0
249780594,0
249780604,0
249780614,0
249780624,0
249780634,0
249780645,0
249780655,0
249780665,0
249780675,0
249780685,0
249780695,0
249780705,0
249780715,0
249780726,0
249780737,0
249780747,0
249780757,0
249780767,0
249780777,0
249780787,0
249780797,0
249780807,0
249780817,0
249780827,0
249780838,0
249780848,0
249780858,0
249780869,0
249780879,0
249780889,0
249780899,0
249780910,0
249780921,0
249780931,0
249780942,0
249780952,0
249780962,0
249780972,0
249780983,0
249780993,0
249781003,0
249781013,0
249781023,0
249781033,0
249781043,0
249781053,0
249781064,0
249781074,0
249781084,0
249781094,0
249781105,0
249781115,0
249781125,0
249781135,0
249781146,0
249781156,0
249781166,0
249781176,0
249781187,0
249781197,0
249781207,0
249781217,0
249781228,0
249781238,0
249781249,0
249781259,0
249781270,0
249781281,0
249781292,0
249781303,0
249781313,0
249781325,0
249781335,0
249781345,0
249781356,0
249781366,0
249781376,0
249781386,0
249781396,0
249781406,0
249781416,0
249781426,0
249781437,0
249781447,0
249781457,0
249781467,0
249781477,0
249781487,0
249781497,0
249781507,0
249781517,0
249781528,0
249781538,0
249781548,0
249781558,0
249781568,0
249781578,0
249781588,0
249781599,0
249781609,0
249781619,0
249781630,0
249781640,0
249781650,0
249781660,0
249781670,0
249781681,0
249781691,0
249781701,0
249781711,0
249781721,0
249781731,0
249781741,0
249781751,0
249781762,0
249781772,0
249781782,0
249781792,0
249781802,0
249781812,0
249781822,0
249781832,0
249781842,0
249781852,0
249781862,0
249781872,0
249781882,0
249781892,0
249781902,0
249781912,0
249781922,0
249781932,0
249781943,0
249781953,0
249781963,0
249781973,0
249781984,0
249781994,0
249782004,0
249782014,0
249782024,0
249782034,0
249782044,0
249782055,0
249782065,0
249782075,0
249782085,0
249782096,0
249782106,0
249782117,0
249782127,0
249782138,0
249782148,0
249782159,0
249782169,0
249782179,0
249782189,0
249782199,0
249782210,0
249782220,0
249782230,0
249782240,0
249782251,0
249782261,0
249782272,0
249782283,1
249782293,1
249782303,1
249782313,1
249782323,1
249782333,1
249782343,1
249782353,1
249782364,1
249782374,1
249782384,1
249782394,1
249782404,1
249782414,1
249782425,1
249782435,1
249782445,1
249782455,1
249782465,1
249782475,1
249782485,1
249782496,1
249782506,1
249782516,1
249782526,1
249782537,1
249782547,1
249782557,1
249782567,1
249782577,1
249782587,1
249782597,1
249782608,1
249782618,1
249782628,1
249782638,1
249782648,1
249782658,1
249782668,1
249782678,1
249782688,1
249782699,1
249782709,1
249782719,1
249782729,1
249782739,1
249782749,1
249782759,1
249782769,1
249782779,1
249782789,1
249782800,1
249782810,1
249782820,1
249782830,1
249782840,1
249782850,1
249782861,1
249782871,1
249782881,1
249782891,1
249782901,1
249782911,1
249782921,1
249782931,1
249782941,1
249782951,1
249782961,1
249782971,1
249782981,1
249782991,1
249783001,1
249783011,1
249783021,1
249783032,1
249783042,1
249783052,1
249783062,1
249783073,1
249783083,1
249783093,1
249783104,1
249783114,1
249783124,1
249783135,1
249783145,1
249783155,1
249783165,1
249783175,1
249783185,1
249783195,1
249783205,1
249783215,1
249783225,1
249783235,1
249783245,1
249783255,1
249783265,1
249783277,1
249783287,1
249783297,1
249783307,1
249783317,1
249783327,1
249783337,1
249783347,1
249783357,1
249783367,1
249783377,1
249783387,1
249783397,1
249783407,1
249783417,1
249783429,1
249783439,1
249783449,1
249783459,1
249783469,1
249783479,1
249783489,1
249783499,1
249783509,1
249783519,1
249783529,1
249783539,1
249783549,1
249783559,1
249783569,1
249783579,1
249783589,1
249783599,1
249783609,1
249783619,1
249783630,1
249783640,1
249783650,1
249783660,1
249783670,1
249783680,1
249783690,1
249783700,1
249783710,1
249783720,1
249783730,1
249783740,1
249783750,1
249783760,1
249783770,1
249783780,1
249783790,1
249783800,1
249783810,1
249783820,1
249783830,1
249783840,1
249783850,1
249783860,1
249783870,1
249783880,1
249783891,1
249783901,1
249783911,1
249783921,1
249783931,1
249783941,1
249783952,1
249783962,1
249783972,1
249783982,1
249783992,1
249784002,1
249784012,1
249784023,1
249784033,1
249784043,1
249784053,1
249784063,1
249784073,1
249784084,1
249784094,1
249784104,1
249784114,1
249784125,1
249784135,1
249784145,1
249784155,1
249784165,1
249784175,1
249784185,1
249784195,1
249784205,1
249784215,1
249784225,1
249784235,1
249784245,1
249784257,1
249784267,1
249784277,1
249784287,1
249784297,1
249784307,1
249784317,1
249784327,1
249784337,1
249784347,1
249784358,1
249784369,1
249784379,1
249784389,1
249784399,1
249784410,1
249784420,2
249784430,2
249784441,2
249784451,2
249784461,2
249784471,2
249784481,2
249784491,2
249784501,2
249784512,2
249784522,2
249784533,2
249784543,2
249784553,2
249784563,2
249784574,2
249784585,2
249784595,2
249784605,2
249784615,2
249784625,2
249784635,2
249784645,2
249784655,2
249784666,2
249784676,2
249784686,2
249784696,2
249784706,2
249784717,2
249784727,2
249784738,2
249784748,2
249784758,2
249784768,2
249784779,2
249784789,2
249784800,2
249784811,2
249784822,2
249784832,2
249784842,2
249784852,2
249784862,2
249784873,2
249784884,2
249784894,2
249784904,2
249784914,2
249784924,2
249784934,2
249784944,2
249784955,2
249784965,2
249784975,2
249784985,2
249784995,2
249785005,2
249785015,2
249785025,2
249785035,2
249785046,2
249785057,2
249785067,2
249785077,2
249785088,2
249785098,2
249785109,2
249785119,2
249785129,2
249785139,2
249785149,2
249785159,2
249785170,2
249785180,2
249785190,2
249785200,2
249785210,2
249785220,2
249785231,2
249785241,2
249785252,2
249785262,2
249785273,2
249785283,2
249785293,2
249785303,2
249785313,2
249785323,2
249785333,2
249785344,2
249785354,2
249785364,2
249785374,2
249785385,2
249785395,2
249785405,2
249785416,2
249785426,2
249785437,2
249785447,2
249785458,2
249785468,2
249785479,2
249785489,2
249785500,2
249785510,2
249785520,2
249785530,2
249785540,3
249785550,3
249785560,3
249785570,3
249785581,3
249785592,3
249785602,3
249785613,3
249785623,3
249785633,3
249785643,3
249785653,3
249785664,3
249785674,3
249785684,3
249785695,3
249785705,3
249785715,4
249785725,4
249785736,4
249785746,4
249785756,4
249785767,4
249785777,4
249785788,4
249785798,4
249785808,4
249785818,4
249785829,4
249785839,4
249785850,4
249785860,4
249785871,4
249785881,4
249785891,4
249785901,4
249785911,4
249785921,4
249785931,4
249785941,4
249785951,4
249785961,4
249785971,4
249785981,4
249785991,4
249786001,4
249786012,4
249786022,4
249786033,4
249786043,4
249786053,4
249786064,4
249786074,4
249786084,4
249786095,4
249786105,4
249786115,4
249786125,4
249786136,4
249786147,4
249786157,4
249786167,4
249786178,4
249786189,4
249786200,4
249786210,4
249786220,4
249786230,4
249786241,4
249786251,4
249786261,4
249786272,4
249786282,4
249786293,4
249786303,4
249786313,4
249786324,4
249786334,4
249786345,4
249786355,4
249786365,4
249786375,4
249786385,4
249786396,4
249786407,4
249786418,4
249786428,4
249786439,4
249786449,4
249786459,4
249786469,4
249786479,4
249786489,4
249786499,4
249786509,4
249786519,4
249786529,4
249786540,4
249786550,4
249786560,4
249786570,4
249786580,4
249786590,4
249786601,4
249786611,4
249786622,4
249786632,4
249786642,4
249786652,4
249786662,4
249786672,4
249786682,4
249786692,4
249786702,4
249786712,4
249786722,4
249786733,4
249786743,4
249786753,4
249786763,4
249786773,4
249786784,4
249786794,4
249786804,4
249786814,4
249786824,4
249786835,4
249786845,4
249786855,4
249786865,4
249786876,4
249786886,4
249786896,4
249786906,4
249786916,4
249786926,4
249786936,4
249786946,4
249786956,4
249786967,4
249786977,4
249786987,4
249786997,4
249787007,4
249787018,4
249787028,4
249787038,4
249787048,4
249787058,4
249787068,4
249787078,4
249787088,4
249787099,4
249787109,4
249787120,4
249787130,4
249787141,4
249787151,4
249787161,4
249787171,4
249787181,4
249787192,4
249787202,4
249787212,4
249787222,4
249787232,4
249787243,4
249787253,4
249787263,4
249787273,4
249787283,4
249787294,4
249787305,4
249787315,4
249787325,4
249787335,4
249787346,4
249787356,4
249787367,4
249787378,4
249787388,4
249787398,4
249787408,4
249787418,4
249787428,4
249787438,4
249787448,4
249787458,4
249787469,4
249787479,4
249787490,4
249787500,4
249787510,4
249787520,4
249787530,4
249787540,4
249787550,4
249787560,4
249787570,4
249787580,4
249787591,4
249787601,4
249787611,4
249787622,4
249787632,4
249787643,4
249787653,4
249787663,4
249787674,4
249787684,4
249787694,4
249787704,4
249787714,4
249787725,4
249787735,4
249787745,4
249787755,4
249787765,4
249787775,4
249787785,4
249787795,4
249787806,4
249787817,4
249787827,4
249787837,4
249787847,4
249787857,4
249787868,4
249787878,4
249787888,4
249787898,4
249787908,4
249787918,4
249787929,4
249787940,4
249787950,4
249787960,5
249787970,5
249787981,5
249787991,5
249788001,5
249788011,5
249788021,5
249788031,5
249788041,5
249788051,5
249788061,5
249788072,5
249788082,5
249788092,5
249788102,5
249788113,5
249788123,5
249788133,5
249788144,5
249788155,5
249788165,5
249788175,5
249788185,5
249788195,5
249788205,5
249788215,5
249788225,5
249788235,5
249788245,5
249788255,5
249788265,5
249788275,5
249788286,5
249788297,5
249788308,5
249788318,6
249788328,6
249788338,6
249788348,6
249788358,6
249788368,6
249788379,6
249788389,6
249788399,6
249788409,6
249788419,6
249788430,6
249788440,6
249788450,6
249788460,6
249788470,6
249788480,6
249788491,6
249788501,6
249788511,6
249788521,6
249788531,6
249788541,6
249788551,6
249788561,6
249788573,6
249788583,7
249788594,7
249788605,7
249788616,7
249788626,7
249788636,7
249788646,7
249788657,7
249788667,7
249788677,7
249788687,7
249788698,7
249788708,7
249788719,7
249788729,7
249788739,7
249788749,7
249788760,7
249788770,7
249788780,7
249788790,7
249788800,7
249788810,7
249788821,7
249788832,7
249788842,7
249788852,7
249788863,7
249788873,7
249788883,7
249788893,7
249788903,7
249788914,7
249788924,7
249788935,7
249788945,8
249788955,8
249788965,8
249788976,8
249788987,8
249788997,8
249789007,8
249789017,8
249789028,8
249789038,8
249789048,8
249789058,8
249789068,8
249789078,8
249789088,8
249789098,8
249789108,8
249789118,8
249789128,8
249789139,8
249789149,8
249789160,8
249789170,8
249789180,8
249789190,8
249789200,8
249789211,8
249789221,8
249789232,8
249789242,8
249789253,8
249789263,8
249789274,8
249789284,8
249789295,8
249789305,8
249789316,8
249789327,8
249789337,8
249789348,8
249789358,8
249789368,8
249789378,8
249789388,8
249789399,8
249789409,8
249789419,8
249789429,8
249789439,8
249789449,8
249789459,8
249789469,8
249789479,8
249789489,8
249789499,8
249789510,8
249789520,8
249789531,8
249789541,8
249789551,8
249789562,8
249789572,8
249789582,8
249789592,8
249789603,8
249789613,8
249789624,8
249789634,8
249789644,8
249789655,8
249789665,8
249789675,8
249789686,8
249789697,8
249789707,8
249789718,8
249789728,8
249789738,8
249789749,8
249789759,8
249789769,8
249789779,8
249789789,8
249789799,8
249789810,8
249789821,8
249789831,8
249789841,8
249789852,8
249789862,8
249789873,8
249789883,8
249789893,8
249789903,8
249789914,8
249789924,8
249789935,8
249789945,8
249789955,8
249789966,8
249789977,8
249789987,8
249789997,8
249790007,8
249790018,8
249790028,8
249790038,8
249790048,8
249790058,8
249790068,8
249790078,8
249790088,8
249790098,8
249790109,8
249790119,8
249790130,8
249790140,8
249790150,8
249790160,8
249790170,8
249790181,8
249790191,8
249790201,8
249790211,8
249790222,8
249790232,8
249790242,8
249790252,9
249790262,9
249790272,9
249790282,9
249790292,9
249790302,9
249790313,9
249790323,9
249790333,9
249790343,9
249790353,9
249790363,9
249790374,9
249790384,9
249790394,9
249790404,9
249790414,9
249790424,9
249790435,9
249790445,9
249790455,9
249790466,9
249790476,9
249790487,9
249790497,9
249790507,9
249790518,9
249790528,9
249790538,9
249790548,9
249790558,9
249790568,9
249790578,9
249790589,9
249790599,9
249790610,9
249790620,9
249790630,9
249790640,9
249790650,9
249790660,9
249790671,9
249790681,9
249790691,9
249790701,9
249790711,9
249790722,9
249790732,9
249790743,9
249790753,9
249790763,9
249790773,9
249790783,9
249790793,9
249790803,9
249790813,9
249790823,9
249790834,9
249790844,9
249790854,9
249790864,9
249790874,9
249790885,9
249790895,9
249790905,9
249790916,9
249790926,9
249790936,9
249790946,9
249790956,9
249790966,9
249790976,9
249790986,9
249790996,9
249791006,9
249791016,9
249791026,9
249791036,9
249791047,9
249791057,9
249791067,9
249791077,9
249791087,9
249791097,9
249791108,9
249791118,9
249791128,9
249791138,9
249791149,9
249791159,9
249791170,9
249791180,9
249791191,9
249791201,9
249791211,9
249791222,9
249791232,9
249791243,9
249791253,9
249791263,9
249791273,9
249791283,9
249791293,9
249791304,9
249791314,9
249791325,9
249791335,9
249791345,9
249791355,9
249791366,9
249791376,9
249791386,9
249791396,9
249791406,9
249791417,9
249791427,9
249791438,9
249791448,9
249791459,9
249791469,9
249791479,9
249791489,9
249791499,9
249791509,9
249791519,9
249791530,9
249791540,9
249791551,9
249791561,9
249791571,9
249791581,9
249791592,9
249791602,9
249791612,9
249791622,9
249791633,9
249791643,9
249791654,9
249791664,9
249791675,9
249791686,9
249791696,9
249791707,9
249791717,9
249791727,9
249791737,9
249791747,9
249791758,9
249791768,9
249791779,9
249791789,9
249791799,9
249791809,9
249791819,9
249791829,9
249791839,9
249791849,9
249791859,9
249791870,9
249791880,9
249791891,9
249791901,9
249791912,9
249791922,9
249791932,9
249791942,9
249791953,9
249791963,9
249791974,9
249791984,9
249791994,9
249792005,9
249792015,9
249792026,9
249792036,9
249792047,9
249792057,9
249792068,9
249792078,9
249792089,9
249792099,9
249792110,9
249792120,9
249792130,9
249792140,9
249792150,9
249792161,9
249792171,9
249792181,9
249792191,9
249792201,9
249792211,9
249792221,9
249792231,9
249792242,9
249792252,9
249792262,9
249792272,9
249792283,9
249792293,9
249792303,9
249792313,9
249792323,9
249792333,9
249792343,9
249792353,9
249792363,9
249792373,9
249792383,9
249792393,9
249792403,9
249792413,9
249792423,9
249792433,9
249792443,9
249792453,10
249792463,10
249792473,10
249792483,10
249792493,10
249792503,10
249792513,10
249792524,10
249792534,10
249792545,10
249792555,10
249792566,10
249792577,10
249792587,10
249792597,10
249792607,10
249792617,10
249792627,10
249792637,10
249792647,10
249792657,10
249792667,10
249792677,10
249792687,10
249792698,10
249792708,10
249792718,10
249792729,10
249792739,10
249792750,10
249792760,10
249792770,10
249792780,10
249792790,10
249792800,10
249792810,10
249792820,10
249792830,10
249792840,10
249792851,10
249792861,10
249792872,10
249792882,10
249792892,10
249792902,10
249792912,10
249792922,10
249792932,10
249792943,10
249792954,10
249792964,10
249792975,10
249792986,10
249792996,10
249793006,10
249793016,10
249793026,10
249793036,10
249793046,10
249793056,10
249793067,10
249793077,10
249793087,10
249793097,10
249793107,10
249793118,10
249793128,10
249793139,10
249793149,10
249793160,10
249793171,10
249793181,10
249793191,10
249793202,10
249793212,10
249793222,10
249793232,10
249793242,10
249793252,10
249793263,10
249793273,10
249793284,10
249793294,10
249793305,10
249793316,10
249793326,10
249793336,10
249793346,10
249793356,10
249793366,10
249793376,10
249793386,10
249793396,10
249793406,10
249793416,10
249793426,10
249793436,10
249793446,10
249793456,10
249793466,10
249793476,10
249793486,10
249793496,10
249793506,10
249793517,10
249793527,10
249793538,10
249793548,10
249793558,10
249793568,10
249793578,10
249793588,11
249793598,11
249793609,11
249793619,11
249793630,11
249793640,11
249793651,11
249793662,11
249793672,11
249793683,11
249793693,11
249793703,11
249793713,11
249793723,11
249793734,11
249793744,11
249793755,11
249793765,11
249793775,11
249793785,11
249793795,11
249793805,11
249793815,11
249793825,11
249793835,11
249793846,11
249793857,11
249793867,11
249793877,11
249793887,11
249793897,11
249793907,11
249793917,11
249793927,11
249793937,11
249793948,11
249793958,11
249793969,11
249793979,11
249793989,11
249793999,11
249794009,11
249794019,11
249794029,11
249794039,11
249794049,11
249794059,11
249794069,11
249794079,11
249794089,11
249794099,11
249794109,11
249794119,11
249794129,11
249794140,11
249794151,11
249794161,11
249794171,11
249794181,11
249794191,11
249794202,11
249794212,11
249794223,11
249794233,11
249794243,11
249794253,11
249794263,11
249794274,11
249794284,11
249794294,11
249794305,11
249794315,11
249794325,11
249794335,11
249794345,11
249794355,11
249794365,11
249794375,11
249794385,11
249794395,11
249794405,11
249794415,11
249794425,11
249794435,11
249794445,11
249794457,11
249794467,11
249794478,11
249794488,11
249794498,11
249794508,11
249794519,11
249794529,11
249794540,11
249794550,11
249794560,11
249794570,11
249794580,11
249794590,11
249794600,11
249794611,11
249794621,11
249794632,11
249794642,11
249794652,11
249794662,11
249794672,11
249794682,11
249794692,11
249794703,11
249794713,11
249794723,11
249794733,11
249794744,11
249794754,11
249794764,11
249794774,11
249794784,11
249794794,11
249794804,11
249794814,11
249794824,11
249794834,11
249794844,11
249794854,11
249794865,11
249794875,11
249794885,11
249794895,11
249794905,11
249794915,11
249794925,11
249794935,11
249794945,11
249794955,11
249794966,11
249794976,11
249794986,11
249794996,11
249795006,12
249795017,12
249795027,12
249795037,12
249795048,12
249795058,12
249795069,12
249795079,12
249795089,12
249795099,12
249795109,12
249795119,12
249795129,12
249795139,12
249795149,12
249795159,12
249795169,12
249795179,12
249795189,12
249795200,12
249795210,12
249795221,12
249795231,12
249795241,12
249795251,12
249795261,12
249795271,12
249795281,12
249795292,12
249795302,12
249795312,12
249795323,12
249795333,12
249795344,12
249795354,12
249795365,12
249795375,12
249795385,12
249795395,12
249795405,12
249795415,12
249795425,12
249795435,12
249795445,12
249795455,12
249795466,12
249795477,12
249795487,12
249795497,12
249795508,12
249795518,12
249795528,12
249795538,12
249795548,12
249795558,12
249795569,12
249795579,12
249795590,12
249795600,12
249795611,12
249795621,12
249795632,12
249795642,12
249795652,12
249795662,12
249795672,12
249795682,12
249795692,12
249795702,12
249795712,12
249795722,12
249795732,12
249795742,12
249795752,12
249795762,12
249795773,12
249795783,12
249795794,12
249795804,12
249795815,12
249795825,12
249795836,12
249795846,12
249795856,12
249795866,12
249795876,12
249795886,12
249795896,12
249795906,12
249795916,12
249795926,12
249795936,12
249795946,12
249795956,12
249795966,12
249795976,12
249795987,12
249795997,12
249796007,12
249796018,12
249796028,12
249796039,12
249796049,12
249796059,12
249796069,12
249796079,12
249796089,12
249796099,12
249796110,12
249796120,12
249796130,12
249796140,12
249796151,12
249796161,12
249796171,12
249796181,12
249796192,12
249796202,12
249796212,12
249796222,12
249796232,12
249796243,12
249796253,12
249796263,12
249796273,12
249796283,12
249796294,12
249796304,12
249796314,12
249796324,12
249796335,12
249796345,12
249796355,12
249796365,12
249796375,12
249796385,12
249796395,12
249796406,12
249796416,12
249796426,12
249796436,12
249796446,12
249796457,12
249796467,12
249796477,12
249796487,12
249796497,12
249796507,12
249796517,12
249796527,12
249796537,12
249796548,12
249796558,12
249796568,12
249796578,12
249796588,12
249796599,12
249796609,12
249796619,12
249796629,12
249796639,12
249796649,12
249796659,12
249796670,12
249796680,12
249796690,12
249796700,12
249796710,12
249796720,12
249796730,12
249796740,12
249796750,12
249796760,12
249796771,12
249796781,12
249796791,12
249796801,12
249796811,12
249796821,12
249796831,12
249796841,12
249796851,12
249796862,12
249796872,12
249796882,12
249796892,12
249796902,12
249796913,12
249796924,12
249796934,12
249796944,12
249796954,12
249796965,12
249796975,12
249796985,12
249796995,12
249797005,12
249797016,12
249797026,12
249797037,12
249797047,12
249797057,12
249797067,12
249797078,12
249797088,12
249797098,12
249797108,12
249797118,12
249797128,12
249797138,12
249797149,12
249797159,12
249797169,12
249797179,12
249797189,12
249797199,12
249797209,12
249797220,12
249797230,12
249797241,12
249797251,12
249797262,12
249797272,12
249797283,12
249797293,12
249797303,12
249797313,12
249797323,12
249797333,12
249797343,12
249797354,12
249797364,12
249797375,12
249797385,12
249797396,12
249797406,12
249797416,12
249797426,12
249797436,12
249797447,12
249797458,12
249797468,12
249797478,12
249797488,12
249797499,12
249797509,12
249797520,12
249797530,12
249797541,12
249797551,12
249797562,12
249797572,12
249797582,12
249797592,12
249797602,12
249797612,12
249797622,12
249797633,12
249797643,12
249797653,12
249797663,12
249797674,12
249797685,12
249797696,12
249797706,12
249797716,12
249797726,12
249797736,12
249797746,12
249797756,12
249797767,12
249797777,12
249797788,12
249797798,12
249797808,13
249797819,13
249797829,13
249797840,13
249797850,13
249797860,13
249797870,13
249797880,13
249797890,13
249797901,13
249797911,13
249797921,14
249797931,14
249797941,14
249797951,14
249797961,14
249797971,14
249797981,14
249797992,14
249798002,14
249798012,14
249798022,14
249798032,14
249798042,14
249798052,14
249798062,14
249798073,14
249798083,14
249798094,14
249798104,14
249798114,14
249798125,14
249798135,14
249798146,14
249798156,14
249798167,14
249798177,14
249798187,14
249798197,14
249798208,14
249798218,14
249798229,14
249798239,14
249798249,14
249798259,14
249798269,14
249798279,14
249798289,14
249798299,14
249798309,14
249798319,14
249798329,14
249798339,14
249798349,14
249798359,14
249798369,14
249798379,14
249798389,14
249798399,14
249798409,14
249798419,14
249798429,14
249798439,14
249798449,14
249798459,14
249798470,14
249798480,14
249798490,14
249798500,14
249798510,14
249798520,14
249798531,14
249798541,14
249798552,14
249798562,14
249798572,14
249798582,14
249798592,14
249798603,14
249798613,14
249798623,14
249798633,14
249798643,14
249798653,14
249798663,14
249798673,14
249798684,14
249798694,14
249798704,14
249798714,14
249798724,14
249798734,14
249798744,14
249798755,14
249798765,14
249798775,14
249798785,14
249798795,14
249798805,14
249798815,14
249798825,14
249798835,14
249798845,14
249798855,14
249798866,14
249798876,14
249798886,14
249798897,14
249798907,14
249798917,14
249798928,14
249798938,14
249798948,14
249798958,14
249798968,14
249798978,14
249798989,14
249799000,14
249799010,14
249799021,14
249799032,14
249799042,14
249799052,14
249799062,14
249799074,14
249799085,14
249799095,14
249799105,14
249799116,14
249799126,14
249799137,14
249799147,14
249799158,14
249799168,14
249799178,14
249799188,14
249799198,15
249799208,15
249799219,15
249799229,15
249799239,15
249799249,15
249799259,15
249799269,15
249799279,15
249799290,15
249799300,15
249799310,15
249799320,15
249799330,15
249799340,15
249799350,15
249799360,15
249799371,15
249799381,15
249799391,15
249799401,15
249799411,15
249799421,15
249799432,15
249799442,15
249799453,15
249799463,15
249799473,15
249799483,15
249799493,15
249799504,15
249799514,15
249799525,15
249799535,15
249799546,15
249799556,15
249799567,15
249799578,15
249799588,15
249799599,15
249799609,15
249799620,15
249799630,15
249799640,15
249799650,15
249799661,15
249799671,15
249799682,15
249799692,15
249799703,15
249799713,15
249799723,15
249799733,15
249799743,15
249799753,15
249799763,15
249799773,15
249799783,15
249799793,15
249799804,15
249799814,15
249799824,15
249799835,15
249799845,15
249799855,15
249799865,15
249799875,15
249799886,15
249799896,15
249799906,15
249799916,15
249799926,15
249799936,15
249799946,15
249799956,15
249799966,15
249799976,15
249799986,15
249799997,15
249800008,15
249800019,15
249800029,15
249800039,15
249800049,15
249800060,15
249800070,15
249800080,15
249800090,15
249800100,15
249800110,15
249800120,15
249800130,15
249800140,15
249800151,15
249800161,15
249800171,15
249800182,15
249800192,15
249800202,15
249800212,15
249800223,17
249800233,17
249800243,17
249800254,17
249800264,17
249800275,17
249800285,17
249800295,17
249800305,17
249800315,17
249800325,17
249800336,17
249800346,17
249800356,17
249800366,17
249800376,17
249800386,17
249800396,17
249800406,17
249800416,17
249800427,17
249800437,17
249800448,17
249800458,17
249800468,17
249800478,17
249800488,17
249800498,17
249800509,17
249800519,17
249800529,17
249800539,17
249800549,17
249800559,17
249800569,17
249800579,17
249800589,17
249800599,17
249800609,17
249800620,17
249800630,17
249800640,17
249800651,17
249800661,17
249800671,17
249800682,17
249800692,17
249800702,17
249800712,17
249800722,17
249800732,17
249800742,17
249800752,17
249800763,17
249800773,17
249800784,17
249800794,17
249800805,17
249800815,17
249800825,17
249800835,17
249800845,17
249800855,17
249800865,17
249800875,17
249800885,17
249800895,17
249800905,17
249800915,17
249800926,17
249800936,17
249800946,17
249800956,17
249800966,17
249800976,17
249800986,17
249800997,17
249801007,17
249801017,17
249801027,17
249801037,17
249801047,17
249801057,17
249801067,17
249801077,18
249801088,18
249801098,18
249801109,18
249801119,18
249801129,18
249801139,18
249801149,18
249801159,18
249801170,18
249801180,18
249801190,18
249801200,18
249801210,18
249801220,18
249801230,18
249801240,18
249801250,18
249801260,18
249801271,18
249801281,18
249801292,18
249801302,18
249801312,18
249801322,18
249801333,18
249801343,18
249801353,18
249801363,18
249801374,18
249801385,18
249801395,18
249801405,18
249801416,18
249801426,18
249801436,18
249801446,18
249801456,18
249801467,18
249801477,18
249801487,18
249801497,18
249801508,18
249801518,18
249801529,18
249801539,18
249801550,18
249801560,18
249801570,18
249801580,18
249801590,18
249801601,18
249801611,18
249801622,18
249801632,19
249801643,19
249801653,19
249801663,19
249801674,19
249801685,19
249801696,19
249801706,19
249801716,19
249801726,19
249801737,19
249801747,19
249801757,19
249801768,19
249801778,19
249801788,19
249801799,19
249801809,19
249801819,19
249801829,19
249801841,19
249801851,19
249801862,19
249801872,19
249801883,19
249801893,19
249801903,19
249801913,19
249801923,19
249801934,19
249801944,19
249801954,19
249801964,19
249801975,19
249801985,19
249801995,19
249802005,19
249802016,19
249802026,19
249802037,19
249802047,19
249802058,19
249802068,19
249802079,19
249802089,19
249802100,19
249802110,19
249802121,19
249802131,19
249802142,19
249802152,19
249802162,19
249802172,19
249802182,19
249802192,19
249802202,19
249802212,19
249802222,19
249802233,19
249802243,19
249802254,19
249802264,19
249802275,19
249802285,19
249802295,19
249802305,19
249802315,19
249802325,19
249802335,19
249802346,19
249802356,19
249802366,19
249802377,19
249802387,19
249802397,19
249802407,19
249802417,19
249802427,19
249802438,19
249802448,19
249802458,19
249802469,19
249802479,19
249802489,19
249802499,19
249802509,19
249802520,19
249802531,19
249802541,19
249802552,20
249802563,20
249802573,20
249802583,20
249802594,20
249802604,20
249802615,20
249802625,20
249802636,20
249802646,20
249802656,20
249802667,20
249802677,20
249802687,20
249802698,20
249802708,20
249802718,20
249802729,20
249802739,20
249802749,20
249802759,20
249802769,20
249802779,20
249802789,20
249802799,20
249802809,20
249802819,20
249802830,20
249802840,20
249802850,20
249802860,20
249802870,20
249802880,20
249802890,20
249802900,20
249802910,20
249802920,20
249802930,20
249802940,20
249802951,20
249802961,20
249802971,20
249802981,20
249802992,20
249803002,20
249803012,20
249803022,20
249803032,20
249803042,20
249803052,20
249803062,20
249803072,20
249803082,20
249803093,20
249803104,20
249803114,20
249803124,20
249803135,20
249803145,20
249803155,20
249803165,20
249803175,20
249803185,20
249803196,20
249803206,20
249803216,20
249803226,20
249803236,20
249803246,20
249803256,20
249803267,20
249803277,20
249803287,20
249803297,20
249803307,20
249803317,20
249803327,20
249803337,20
249803348,20
249803358,21
249803368,21
249803378,21
249803389,21
249803399,22
249803409,22
249803419,22
249803429,22
249803439,22
249803450,22
249803460,22
249803470,22
249803481,22
249803492,22
249803502,22
249803512,22
249803522,22
249803533,22
249803543,22
249803553,22
249803563,22
249803573,22
249803584,22
249803594,22
249803605,22
249803615,22
249803625,22
249803636,22
249803646,22
249803656,22
249803666,22
249803676,22
249803687,22
249803697,22
249803707,22
249803717,22
249803728,22
249803738,22
249803749,22
249803759,22
249803769,22
249803779,22
249803789,22
249803800,22
249803811,22
249803821,22
249803831,22
249803841,22
249803851,22
249803862,22
249803872,22
249803882,22
249803892,22
249803902,22
249803912,22
249803922,22
249803932,22
249803942,22
249803952,22
249803962,22
249803972,22
249803983,22
249803993,22
249804003,22
249804013,22
249804023,22
249804034,22
249804044,22
249804055,22
249804065,22
249804075,22
249804085,22
249804095,22
249804105,22
249804115,22
249804125,22
249804135,22
249804145,22
249804155,22
249804165,22
249804175,22
249804185,22
249804195,22
249804205,22
249804216,22
249804226,22
249804236,22
249804246,22
249804256,22
249804266,22
249804277,22
249804287,22
249804297,22
249804307,22
249804318,22
249804328,22
249804339,22
249804349,22
249804360,22
249804370,22
249804380,22
249804391,22
249804401,22
249804411,22
249804421,22
249804431,22
249804441,22
249804451,22
249804462,22
249804472,22
249804483,22
249804493,22
249804503,23
249804513,23
249804523,23
249804533,23
249804543,23
249804553,23
249804563,23
249804573,23
249804583,23
249804593,23
249804603,23
249804613,23
249804623,23
249804633,23
249804643,23
249804653,23
249804664,23
249804675,23
249804685,23
249804695,23
249804705,23
249804715,23
249804725,23
249804736,23
249804747,23
249804757,23
249804767,23
249804778,23
249804788,23
249804799,23
249804810,23
249804820,23
249804830,23
249804840,23
249804850,23
249804861,23
249804872,23
249804882,23
249804892,23
249804902,23
249804912,23
249804922,23
249804932,23
249804942,23
249804952,23
249804962,23
249804973,23
249804983,23
249804994,23
249805004,23
249805014,23
249805025,23
249805035,23
249805045,23
249805055,23
249805066,23
249805076,23
249805087,23
249805097,23
249805108,23
249805118,23
249805129,23
249805139,23
249805150,23
249805161,23
249805171,23
249805182,23
249805192,23
249805203,23
249805213,23
249805224,23
249805234,23
249805245,23
249805255,23
249805265,23
249805275,23
249805285,23
249805295,23
249805306,23
249805316,23
249805327,23
249805337,23
249805347,23
249805357,23
249805367,23
249805377,23
249805388,23
249805398,23
249805408,23
249805418,23
249805428,23
249805438,23
249805448,23
249805458,23
249805468,23
249805478,23
249805489,23
249805499,23
249805510,23
249805520,23
249805530,23
249805540,23
249805551,23
249805561,23
249805571,23
249805581,23
249805591,23
249805601,23
249805611,23
249805621,23
249805631,23
249805641,23
249805651,23
249805661,23
249805671,23
249805682,23
249805692,23
249805702,23
249805712,23
249805722,23
249805733,23
249805743,23
249805753,23
249805764,23
249805774,23
249805784,23
249805794,23
249805805,23
249805815,23
249805826,23
249805836,23
249805846,23
249805856,23
249805866,23
249805876,23
249805887,23
249805897,23
249805907,23
249805917,23
249805927,23
249805937,23
249805947,23
249805958,23
249805968,23
249805979,23
249805989,23
249806000,23
249806010,23
249806020,23
249806030,23
249806040,23
249806050,23
249806060,23
249806071,23
249806081,23
249806091,23
249806101,23
249806111,23
249806121,23
249806131,23
249806142,23
249806152,23
249806163,23
249806173,23
249806183,23
249806193,23
249806203,23
249806214,23
249806225,23
249806235,23
249806245,23
249806255,23
249806265,23
249806275,23
249806286,23
249806296,23
249806306,23
249806316,23
249806326,23
249806336,23
249806346,23
249806357,23
249806367,23
249806377,23
249806387,23
249806397,23
249806407,23
249806417,23
249806427,23
249806437,23
249806448,23
249806458,23
249806469,23
249806479,23
249806489,23
249806499,23
249806509,23
249806519,23
249806529,23
249806540,23
249806550,23
249806560,23
249806570,23
249806580,23
249806590,23
249806600,23
249806611,23
249806621,23
249806632,23
249806642,23
249806653,23
249806663,23
249806674,23
249806684,23
249806695,23
249806705,23
249806715,23
249806726,23
249806736,23
249806747,23
249806757,23
249806768,23
249806778,23
249806788,23
249806799,23
249806810,23
249806820,23
249806830,23
249806840,23
249806850,23
249806861,23
249806871,23
249806882,23
249806892,23
249806902,23
249806912,23
249806923,23
249806933,23
249806943,23
249806953,23
249806963,23
249806974,23
249806984,23
249806994,23
249807005,23
249807015,23
249807025,23
249807036,23
249807046,23
249807056,23
249807066,23
249807076,23
249807086,23
249807096,23
249807106,23
249807117,23
249807127,23
249807137,23
249807147,23
249807158,23
249807168,23
249807179,23
249807189,23
249807200,23
249807210,23
249807221,23
249807231,23
249807242,23
249807252,23
249807262,23
249807272,23
249807282,23
249807292,23
249807302,23
249807312,23
249807322,23
249807332,23
249807342,23
249807352,23
249807362,23
249807372,23
249807382,23
249807392,23
249807402,23
249807412,23
249807422,23
249807432,23
249807442,23
249807452,23
249807463,23
249807473,23
249807483,23
249807493,23
249807503,23
249807513,23
249807523,23
249807533,23
249807543,23
249807553,23
249807564,23
249807574,23
249807584,23
249807594,23
249807605,23
249807615,23
249807625,23
249807635,23
249807645,23
249807655,23
249807665,23
249807675,23
249807685,23
249807695,23
249807705,23
249807715,23
249807725,23
249807735,23
249807745,23
249807755,23
249807766,23
249807776,23
249807786,23
249807796,23
249807806,23
249807816,23
249807826,23
249807836,23
249807846,23
249807856,23
249807866,23
249807877,23
249807887,23
249807897,23
249807907,23
249807917,23
249807927,23
249807938,23
249807948,23
249807959,23
249807969,23
249807980,23
249807991,23
249808001,23
249808011,23
249808021,23
249808031,23
249808042,23
249808052,23
249808062,23
249808072,23
249808082,23
249808093,23
249808103,23
249808113,23
249808124,23
249808134,23
249808145,23
249808155,23
249808165,23
249808175,23
249808186,23
249808196,23
249808206,23
249808216,23
249808226,23
249808236,23
249808246,23
249808256,23
249808267,23
249808278,23
249808288,23
249808298,23
249808308,23
249808318,23
249808328,23
249808338,23
249808348,23
249808358,23
249808368,23
249808379,23
249808389,23
249808400,23
249808410,23
249808420,23
249808430,23
249808440,23
249808450,23
249808460,23
249808470,23
249808481,23
249808491,23
249808501,23
249808511,23
249808521,23
249808532,23
249808542,23
249808553,23
249808563,23
249808573,23
249808583,23
249808594,23
249808604,23
249808614,23
249808624,23
249808634,23
249808644,23
249808655,23
249808665,23
249808676,23
249808687,23
249808697,23
249808707,23
249808718,23
249808728,23
249808738,23
249808748,23
249808758,23
249808769,24
249808779,24
249808789,24
249808799,24
249808809,24
249808820,24
249808830,24
249808840,24
249808850,24
249808861,24
249808871,24
249808882,24
249808892,24
249808902,24
249808912,24
249808922,24
249808932,24
249808943,24
249808953,24
249808963,24
249808973,24
249808983,24
249808994,24
249809005,24
249809015,24
249809026,24
249809036,24
249809046,24
249809056,24
249809067,24
249809077,24
249809087,24
249809097,24
249809108,24
249809120,24
249809130,24
249809140,24
249809150,24
249809160,24
249809170,24
249809180,24
249809190,24
249809200,24
249809210,24
249809220,24
249809230,24
249809240,24
249809250,24
249809260,24
249809270,24
249809280,24
249809291,24
249809301,24
249809312,24
249809322,24
249809332,24
249809342,24
249809352,24
249809362,24
249809372,24
249809382,24
249809392,25
249809402,25
249809412,25
249809422,25
249809432,25
249809442,25
249809453,25
249809463,25
249809474,25
249809484,25
249809494,25
249809505,25
249809515,25
249809525,25
249809535,25
249809545,25
249809555,25
249809565,25
249809575,25
249809585,25
249809595,25
249809605,25
249809615,25
249809626,25
249809636,25
249809646,25
249809657,25
249809667,25
249809677,25
249809687,25
249809697,25
249809707,25
249809717,25
249809728,25
249809738,25
249809749,25
249809759,25
249809770,25
249809780,25
249809790,25
249809800,25
249809811,25
249809821,25
249809831,25
249809841,25
249809852,25
249809862,25
249809872,25
249809882,25
249809892,25
249809902,25
249809912,25
249809922,25
249809932,25
249809942,25
249809953,25
249809963,25
249809973,25
249809983,25
249809995,25
249810006,25
249810016,25
249810026,25
249810036,25
249810047,25
249810057,26
249810067,26
249810077,26
249810087,26
249810097,26
249810107,26
249810117,26
249810127,26
249810137,26
249810147,26
249810157,26
249810167,26
249810177,26
249810188,26
249810198,26
249810208,26
249810218,26
249810228,26
249810238,26
249810248,26
249810258,26
249810269,26
249810279,26
249810289,26
249810299,26
249810309,26
249810319,26
249810329,26
249810340,26
249810350,26
249810361,26
249810371,26
249810381,26
249810391,26
249810401,26
249810411,26
249810421,26
249810431,26
249810441,26
249810452,26
249810462,26
249810473,26
249810483,26
249810494,26
249810505,26
249810515,26
249810525,26
249810536,26
249810546,26
249810556,26
249810566,26
249810576,26
249810586,26
249810597,26
249810607,26
249810618,26
249810628,26
249810639,26
249810649,26
249810659,26
249810669,26
249810679,26
249810689,26
249810699,26
249810709,26
249810719,26
249810729,26
249810739,26
249810750,26
249810760,26
249810771,26
249810781,26
249810791,26
249810801,26
249810812,26
249810822,27
249810833,27
249810843,27
249810853,27
249810863,27
249810874,27
249810884,27
249810894,27
249810905,27
249810916,27
249810926,27
249810937,27
249810947,27
249810957,27
249810967,27
249810978,27
249810988,27
249810999,27
249811009,27
249811019,27
249811029,27
249811040,27
249811050,27
249811060,27
249811070,27
249811080,27
249811090,27
249811101,27
249811111,27
249811122,27
249811132,27
249811143,27
249811153,27
249811163,27
249811173,27
249811183,27
249811194,27
249811204,27
249811215,27
249811225,27
249811236,27
249811246,27
249811256,27
249811267,27
249811277,27
249811287,27
249811297,27
249811307,27
249811317,27
249811327,27
249811337,27
249811347,27
249811357,27
249811367,27
249811377,27
249811388,27
249811398,27
249811408,27
249811418,27
249811428,27
249811438,27
249811448,27
249811458,27
249811468,27
249811479,27
249811489,27
249811499,27
249811509,28
249811520,28
249811530,28
249811540,28
249811550,28
249811561,28
249811571,28
249811581,28
249811591,28
249811601,28
249811612,28
249811622,28
249811633,28
249811643,28
249811653,28
249811663,28
249811673,28
249811683,28
249811693,28
249811704,28
249811714,28
249811725,28
249811736,28
249811746,28
249811756,28
249811766,28
249811776,28
249811786,28
249811796,28
249811806,28
249811817,28
249811827,28
249811838,28
249811848,28
249811859,28
249811869,28
249811880,28
249811890,28
249811900,28
249811910,28
249811920,29
249811930,29
249811940,29
249811951,29
249811961,29
249811971,29
249811982,29
249811992,29
249812002,29
249812013,29
249812023,29
249812034,29
249812044,29
249812055,29
249812065,29
249812075,29
249812085,29
249812095,29
249812105,29
249812115,29
249812125,29
249812135,29
249812145,29
249812155,29
249812165,29
249812175,29
249812185,29
249812195,29
249812205,29
249812216,29
249812226,29
249812237,29
249812247,29
249812258,29
249812268,29
249812278,29
249812288,29
249812299,29
249812309,29
249812320,29
249812330,29
249812340,29
249812351,29
249812361,29
249812371,29
249812381,29
249812391,29
249812401,29
249812411,29
249812421,29
249812432,29
249812442,29
249812452,29
249812462,29
249812472,29
249812483,29
249812493,29
249812504,29
249812515,29
249812525,29
249812536,29
249812546,29
249812556,29
249812567,29
249812577,29
249812588,29
249812598,29
249812608,29
249812618,29
249812628,29
249812638,29
249812649,29
249812659,29
249812670,29
249812680,29
249812690,29
249812700,29
249812710,29
249812721,29
249812731,29
249812741,29
249812751,29
249812761,29
249812772,29
249812782,29
249812793,29
249812803,29
249812814,29
249812824,29
249812834,29
249812844,29
249812854,29
249812864,29
249812874,29
249812884,29
249812894,29
249812905,29
249812916,29
249812926,29
249812937,29
249812947,29
249812957,29
249812967,29
249812977,29
249812988,29
249812998,29
249813008,29
249813018,29
249813028,29
249813039,29
249813049,29
249813060,29
249813070,29
249813080,29
249813090,29
249813100,29
249813110,29
249813120,29
249813130,29
249813140,29
249813151,29
249813161,29
249813171,29
249813181,29
249813191,29
249813202,29
249813212,29
249813223,29
249813233,29
249813243,29
249813254,29
249813264,29
249813274,29
249813284,29
249813294,29
249813304,29
249813314,29
249813325,29
249813335,29
249813345,29
249813355,29
249813365,29
249813375,29
249813385,29
249813395,29
249813405,29
249813415,29
249813425,29
249813435,29
249813446,29
249813457,29
249813468,29
249813478,29
249813489,29
249813499,29
249813510,29
249813520,29
249813530,29
249813541,29
249813551,29
249813562,29
249813573,29
249813583,29
249813594,29
249813604,29
249813614,29
249813624,29
249813634,29
249813644,29
249813654,29
249813665,29
249813675,29
249813686,29
249813696,29
249813707,29
249813717,29
249813728,29
249813739,29
249813749,29
249813759,29
249813769,29
249813780,29
249813790,29
249813800,29
249813810,29
249813820,29
249813830,29
249813840,29
249813850,29
249813861,29
249813871,29
249813882,29
249813893,29
249813903,29
249813913,29
249813923,29
249813933,29
249813944,29
249813954,29
249813965,29
249813975,29
249813985,29
249813996,29
249814006,29
249814016,29
249814027,29
249814037,29
249814048,29
249814058,29
249814068,29
249814078,29
249814088,29
249814099,29
249814109,29
249814119,29
249814129,29
249814139,29
249814149,29
249814159,29
249814170,29
249814180,29
249814190,29
249814200,29
249814210,29
249814220,29
249814230,29
249814240,29
249814250,29
249814260,29
249814270,29
249814280,29
249814290,29
249814300,29
249814311,29
249814321,29
249814331,29
249814341,29
249814352,29
249814362,29
249814373,29
249814383,29
249814393,29
249814403,29
249814413,29
249814424,29
249814434,29
249814444,29
249814454,29
249814465,29
249814475,29
249814485,29
249814496,29
249814506,30
249814516,30
249814526,30
249814536,30
249814547,30
249814557,30
249814568,30
249814578,30
249814588,30
249814598,30
249814608,30
249814619,30
249814629,30
249814640,30
249814650,30
249814661,30
249814671,30
249814681,30
249814691,30
249814703,30
249814713,30
249814723,30
249814734,30
249814744,30
249814755,30
249814765,30
249814775,30
249814785,30
249814795,30
249814805,30
249814816,30
249814826,30
249814837,30
249814847,30
249814858,30
249814868,30
249814879,30
249814889,30
249814900,30
249814910,30
249814920,30
249814930,30
249814940,30
249814951,30
249814961,30
249814972,31
249814982,31
249814992,31
249815002,31
249815013,31
249815024,31
249815034,31
249815044,31
249815054,31
249815064,31
249815075,31
249815085,31
249815096,31
249815107,31
249815118,31
249815128,31
249815138,31
249815148,31
249815159,31
249815169,31
249815180,31
249815190,31
249815200,31
249815210,31
249815220,31
249815231,31
249815241,31
249815251,31
249815261,31
249815271,31
249815281,31
249815292,31
249815302,31
249815313,31
249815323,31
249815333,31
249815343,31
249815353,31
249815363,31
249815374,31
249815384,31
249815394,31
249815404,31
249815414,31
249815424,31
249815434,31
249815445,31
249815456,31
249815467,31
249815477,31
249815488,31
249815498,31
249815509,31
249815519,31
249815530,31
249815540,31
249815551,31
249815561,31
249815571,31
249815581,31
249815592,31
249815602,31
249815612,31
249815622,31
249815632,31
249815642,31
249815652,31
249815662,31
249815673,31
249815683,31
249815693,31
249815703,31
249815713,31
249815724,31
249815734,31
249815744,31
249815754,31
249815765,31
249815775,31
249815785,31
249815795,31
249815805,31
249815816,31
249815826,31
249815836,31
249815847,31
249815857,31
249815867,31
249815877,31
249815887,31
249815897,31
249815908,31
249815918,31
249815928,31
249815938,31
249815948,31
249815958,31
249815968,31
249815978,31
249815988,31
249815999,31
249816009,31
249816019,31
249816029,31
249816039,31
249816049,31
249816060,31
249816070,31
249816081,31
249816091,31
249816102,31
249816112,31
249816122,31
249816132,31
249816142,31
249816153,31
249816163,31
249816174,31
249816184,31
249816195,31
249816205,31
249816215,31
249816226,31
249816236,31
249816246,31
249816256,31
249816266,31
249816276,31
249816286,31
249816296,31
249816306,31
249816316,31
249816327,31
249816337,31
249816347,31
249816357,31
249816367,31
249816377,31
249816387,31
249816397,31
249816408,31
249816418,31
249816428,31
249816438,31
249816449,31
249816459,31
249816470,31
249816480,31
249816491,31
249816501,31
249816512,31
249816522,31
249816533,31
249816543,31
249816554,31
249816564,31
249816575,31
249816585,31
249816596,31
249816607,31
249816617,31
249816628,31
249816638,31
249816649,31
249816659,31
249816669,31
249816679,31
249816689,31
249816699,31
249816709,31
249816719,31
249816729,31
249816740,31
249816750,31
249816760,31
249816771,31
249816781,31
249816791,31
249816802,31
249816812,31
249816822,31
249816832,31
249816843,31
249816853,31
249816864,31
249816874,31
249816885,31
249816895,31
249816905,31
249816915,31
249816926,31
249816936,31
249816947,31
249816957,31
249816967,31
249816977,31
249816987,31
249816997,31
249817007,31
249817018,31
249817029,31
249817039,31
249817049,31
249817059,31
249817069,31
249817079,31
249817089,31
249817099,31
249817110,31
249817120,31
249817130,31
249817141,31
249817151,31
249817161,31
249817171,31
249817181,31
249817192,31
249817202,31
249817213,31
249817223,31
249817233,31
249817243,31
249817253,31
249817263,31
249817274,31
249817284,31
249817294,31
249817304,31
249817315,31
249817325,31
249817335,31
249817345,31
249817355,31
249817365,31
249817375,31
249817385,31
249817395,31
249817405,31
249817416,31
249817426,31
249817437,31
249817447,31
249817457,31
249817467,31
249817477,31
249817487,31
249817498,31
249817508,31
249817518,31
249817528,31
249817538,31
249817549,31
249817559,31
249817570,31
249817580,31
249817591,31
249817602,31
249817612,31
249817623,31
249817633,31
249817643,31
249817653,31
249817663,31
249817673,31
249817683,31
249817693,31
249817704,31
249817714,31
249817724,31
249817735,31
249817745,31
249817755,31
249817765,31
249817775,31
249817785,31
249817795,31
249817805,31
249817816,31
249817826,31
249817836,31
249817846,31
249817856,31
249817866,31
249817876,31
249817886,31
249817896,31
249817906,31
249817916,31
249817926,31
249817936,31
249817946,31
249817956,31
249817967,31
249817977,31
249817987,31
249817997,31
249818007,31
249818017,31
249818028,31
249818038,31
249818048,31
249818059,31
249818069,31
249818080,31
249818090,31
249818100,31
249818110,31
249818120,31
249818130,31
249818140,31
249818150,31
249818160,31
249818171,31
249818181,31
249818192,31
249818202,31
249818213,31
249818223,31
249818233,31
249818243,31
249818253,31
249818263,31
249818273,31
249818283,31
249818293,31
249818303,31
249818313,31
249818323,31
249818333,31
249818344,31
249818354,31
249818364,31
249818375,31
249818385,31
249818395,31
249818405,31
249818415,31
249818425,31
249818436,31
249818446,31
249818456,31
249818466,31
249818476,31
249818486,31
249818496,31
249818506,31
249818516,31
249818527,32
249818537,32
249818547,32
249818557,32
249818567,32
249818577,32
249818587,32
249818598,32
249818608,32
249818618,32
249818628,32
249818639,32
249818649,32
249818659,32
249818669,32
249818679,32
249818690,32
249818700,32
249818710,32
249818720,32
249818730,32
249818740,32
249818750,32
249818760,32
249818770,32
249818780,32
249818790,32
249818800,32
249818811,32
249818821,32
249818832,32
249818842,32
249818852,32
249818863,32
249818873,32
249818884,32
249818894,32
249818905,32
249818915,32
249818925,32
249818935,32
249818945,32
249818955,32
249818966,32
249818976,32
249818986,32
249818996,32
249819007,32
249819017,32
249819028,32
249819038,32
249819048,32
249819058,32
249819068,32
249819079,32
249819089,32
249819100,32
249819110,32
249819121,32
249819131,32
249819141,32
249819151,32
249819161,32
249819171,32
249819181,32
249819191,32
249819201,32
249819211,32
249819221,32
249819232,32
249819242,32
249819253,32
249819263,32
249819273,32
249819283,32
249819293,32
249819303,32
249819314,32
249819324,32
249819334,32
249819344,32
249819354,32
249819364,32
249819374,32
249819384,32
249819394,32
249819405,32
249819415,32
249819425,32
249819435,32
249819445,32
249819455,32
249819466,32
249819476,32
249819486,32
249819496,32
249819506,32
249819517,32
249819528,32
249819538,32
249819548,32
249819558,32
249819568,32
249819579,32
249819589,32
249819599,32
249819610,32
249819620,32
249819631,32
249819641,32
249819652,32
249819662,32
249819672,32
249819682,32
249819692,32
249819702,32
249819712,33
249819723,33
249819734,33
249819744,33
249819754,33
249819765,33
249819775,33
249819785,33
249819795,33
249819805,33
249819815,33
249819826,33
249819836,33
249819847,33
249819857,33
249819867,33
249819877,33
249819887,33
249819897,33
249819907,33
249819917,33
249819928,33
249819938,33
249819949,33
249819959,33
249819969,33
249819979,33
249819989,33
249819999,33
249820009,33
249820019,33
249820029,33
249820039,33
249820049,33
249820059,33
249820069,33
249820079,33
249820089,33
249820099,33
249820109,33
249820119,33
249820129,33
249820139,33
249820149,33
249820159,33
249820170,33
249820180,33
249820191,33
249820201,33
249820212,33
249820222,33
249820233,33
249820243,33
249820253,33
249820263,33
249820273,33
249820284,33
249820294,33
249820304,33
249820314,33
249820325,33
249820335,33
249820346,33
249820356,33
249820366,33
249820377,33
249820387,33
249820398,33
249820408,33
249820418,33
249820428,33
249820438,33
249820448,33
249820459,33
249820469,33
249820479,33
249820489,33
249820499,33
249820509,33
249820519,33
249820530,33
249820540,33
249820551,33
249820562,33
249820572,33
249820582,33
249820592,33
249820603,33
249820613,33
249820624,33
249820634,33
249820644,33
249820655,33
249820665,33
249820675,33
249820685,33
249820695,33
249820705,33
249820715,33
249820725,33
249820735,33
249820745,33
249820755,33
249820765,33
249820776,33
249820786,33
249820796,33
249820807,33
249820817,33
249820827,33
249820837,33
249820847,33
249820857,33
249820867,33
249820877,33
249820887,33
249820898,34
249820908,34
249820919,34
249820929,34
249820940,34
249820950,35
249820961,35
249820971,36
249820981,36
249820991,36
249821001,36
249821011,36
249821021,36
249821032,36
249821042,36
249821052,36
249821062,36
249821072,36
249821082,36
249821093,37
249821103,37
249821114,37
249821124,37
249821135,37
249821145,37
249821155,37
249821165,37
249821175,37
249821185,37
249821195,37
249821206,37
249821216,37
249821226,37
249821236,37
249821246,37
249821256,37
249821266,37
249821277,37
249821287,37
249821297,37
249821307,37
249821317,37
249821327,37
249821337,37
249821347,37
249821358,37
249821368,37
249821378,37
249821388,37
249821398,37
249821408,37
249821418,37
249821428,37
249821439,37
249821450,37
249821460,37
249821471,37
249821481,37
249821491,37
249821501,37
249821512,37
249821522,37
249821532,37
249821542,37
249821552,37
249821562,37
249821572,37
249821582,37
249821592,37
249821602,37
249821612,37
249821622,37
249821632,37
249821643,37
249821653,37
249821663,37
249821673,37
249821683,37
249821694,37
249821704,37
249821714,37
249821724,37
249821734,37
249821744,37
249821754,37
249821765,37
249821775,37
249821785,37
249821795,37
249821805,37
249821815,37
249821825,37
249821835,37
249821846,37
249821856,37
249821866,37
249821876,37
249821886,37
249821896,37
249821906,37
249821916,37
249821927,37
249821937,37
249821948,37
249821958,37
249821968,37
249821978,37
249821988,37
249821998,37
249822009,37
249822019,37
249822030,37
249822040,37
249822051,37
249822061,37
249822071,37
249822082,37
249822092,37
249822102,37
249822112,37
249822123,37
249822133,38
249822143,38
249822153,38
249822163,38
249822173,38
249822183,38
249822193,38
249822203,38
249822213,38
249822224,38
249822234,38
249822245,38
249822255,38
249822266,38
249822276,38
249822287,38
249822298,38
249822308,38
249822320,38
249822330,38
249822341,38
249822351,38
249822362,38
249822372,38
249822383,38
249822393,38
249822403,38
249822414,38
249822424,38
249822434,38
249822444,38
249822455,38
249822466,38
249822476,38
249822486,38
249822497,39
249822507,39
249822517,39
249822527,39
249822539,39
249822549,39
249822559,39
249822569,39
249822579,39
249822589,39
249822600,39
249822610,39
249822620,39
249822630,39
249822640,39
249822650,39
249822660,39
249822671,39
249822682,39
249822692,39
249822702,39
249822712,39
249822722,39
249822732,39
249822742,39
249822753,39
249822763,39
249822773,39
249822784,39
249822794,39
249822805,39
249822815,39
249822826,39
249822836,39
249822847,39
249822857,39
249822868,39
249822878,39
249822888,39
249822898,39
249822909,39
249822919,39
249822929,39
249822939,39
249822949,39
249822960,39
249822970,39
249822980,39
249822990,39
249823000,39
249823010,39
249823020,39
249823030,39
249823041,39
249823051,39
249823061,39
249823071,39
249823082,39
249823092,39
249823103,39
249823113,39
249823123,39
249823133,39
249823143,39
249823154,39
249823164,39
249823175,39
249823185,39
249823196,39
249823206,39
249823217,39
249823227,39
249823237,39
249823247,39
249823257,39
249823267,39
249823278,39
249823288,39
249823298,39
249823308,39
249823318,39
249823328,39
249823338,39
249823349,39
249823360,39
249823372,39
249823382,39
249823392,39
249823402,39
249823412,40
249823423,40
249823433,40
249823444,40
249823454,40
249823465,40
249823475,40
249823485,40
249823495,40
249823505,41
249823516,41
249823526,41
249823536,41
249823546,41
249823557,41
249823567,41
249823577,41
249823587,41
249823597,41
249823607,41
249823617,41
249823628,41
249823638,41
249823648,41
249823658,41
249823668,41
249823678,41
249823688,41
249823698,41
249823708,41
249823718,41
249823728,41
249823738,41
249823749,41
249823759,41
249823769,41
249823779,41
249823789,41
249823799,42
249823809,42
249823819,42
249823829,42
249823839,42
249823849,42
249823859,42
249823870,42
249823880,42
249823890,42
249823901,42
249823911,42
249823922,42
249823932,42
249823942,42
249823953,42
249823963,42
249823973,42
249823983,42
249823994,42
249824005,42
249824015,42
249824026,42
249824036,42
249824047,42
249824057,42
249824067,42
249824077,42
249824087,42
249824097,42
249824107,42
249824117,42
249824127,42
249824137,42
249824147,42
249824158,42
249824168,42
249824178,42
249824188,42
249824198,42
249824210,42
249824220,42
249824231,42
249824241,42
249824251,42
249824261,42
249824272,42
249824282,42
249824292,42
249824302,42
249824312,42
249824322,42
249824333,42
249824343,42
249824353,42
249824363,42
249824374,42
249824385,42
249824395,42
249824405,42
249824415,42
249824425,42
249824435,42
249824446,42
249824457,42
249824467,42
249824478,42
249824488,42
249824499,42
249824510,42
249824520,43
249824531,43
249824541,43
249824551,43
249824561,43
249824571,43
249824581,43
249824591,43
249824601,43
249824612,43
249824622,43
249824632,43
249824642,43
249824652,43
249824662,43
249824673,43
249824683,43
249824693,43
249824705,43
249824715,43
249824725,43
249824735,43
249824746,43
249824757,43
249824767,43
249824777,43
249824787,43
249824797,43
249824808,43
249824818,43
249824828,43
249824838,43
249824849,43
249824860,43
249824871,43
249824881,43
249824891,43
249824901,43
249824912,43
249824922,43
249824932,43
249824942,43
249824952,43
249824962,43
249824972,43
249824982,43
249824992,43
249825002,43
249825012,43
249825022,43
249825033,43
249825043,43
249825054,43
249825064,43
249825075,43
249825085,43
249825096,43
249825106,43
249825116,43
249825126,43
249825137,43
249825147,43
249825157,43
249825167,43
249825177,43
249825187,43
249825197,43
249825208,43
249825218,43
249825228,43
249825238,43
249825248,43
249825259,43
249825269,43
249825280,43
249825290,43
249825301,43
249825311,43
249825321,43
249825331,43
249825341,43
249825351,43
249825361,43
249825371,43
249825381,43
249825392,43
249825402,43
249825412,43
249825422,43
249825432,43
249825442,43
249825452,43
249825463,43
249825473,43
249825484,43
249825494,43
249825504,43
249825514,43
249825524,43
249825535,43
249825545,43
249825555,43
249825566,43
249825576,43
249825586,43
249825596,43
249825607,43
249825617,43
249825627,43
249825637,43
249825647,43
249825658,43
249825669,43
249825679,43
249825689,43
249825699,43
249825710,43
249825720,43
249825731,43
249825741,43
249825751,43
249825761,43
249825771,43
249825781,43
249825792,43
249825802,43
249825812,43
249825822,43
249825832,43
249825842,43
249825853,43
249825863,43
249825874,43
249825884,43
249825894,43
249825904,43
249825914,43
249825924,43
249825934,43
249825944,43
249825954,43
249825965,43
249825975,43
249825985,43
249825995,43
249826005,43
249826016,43
249826026,43
249826036,43
249826046,43
249826056,43
249826067,43
249826077,43
249826088,43
249826098,43
249826109,43
249826119,43
249826130,43
249826140,43
249826150,43
249826160,43
249826170,43
249826180,43
249826190,43
249826200,43
249826211,43
249826221,43
249826232,43
249826242,43
249826252,43
249826262,43
249826272,43
249826283,43
249826293,43
249826303,43
249826313,43
249826323,43
249826334,43
249826344,43
249826355,43
249826365,43
249826376,43
249826387,43
249826397,43
249826407,43
249826417,43
249826428,43
249826438,43
249826448,43
249826459,43
249826469,43
249826479,44
249826490,44
249826500,44
249826511,44
249826521,44
249826531,44
249826541,44
249826551,44
249826562,44
249826572,44
249826582,44
249826593,44
249826603,44
249826613,44
249826623,44
249826633,44
249826643,44
249826653,44
249826664,44
249826674,45
249826686,45
249826697,45
249826707,45
249826717,45
249826728,45
249826738,45
249826748,45
249826758,45
249826768,45
249826779,45
249826789,45
249826799,45
249826809,45
249826819,45
249826829,45
249826839,45
249826849,45
249826859,45
249826869,45
249826879,45
249826889,45
249826900,45
249826911,45
249826921,45
249826931,45
249826941,45
249826951,45
249826961,45
249826971,45
249826981,45
249826991,45
249827002,45
249827012,45
249827023,45
249827033,45
249827044,45
249827054,45
249827065,45
249827075,45
249827085,45
249827095,45
249827105,45
249827115,45
249827126,45
249827136,45
249827147,45
249827158,45
249827169,45
249827179,45
249827190,45
249827200,45
249827211,45
249827221,45
249827232,45
249827242,45
249827252,45
249827262,45
249827272,45
249827282,45
249827292,45
249827302,45
249827313,45
249827323,45
249827333,45
249827343,45
249827353,45
249827363,45
249827373,45
249827383,45
249827393,45
249827403,45
249827413,45
249827423,45
249827433,45
249827443,45
249827454,45
249827465,45
249827476,45
249827486,45
249827496,45
249827506,45
249827516,45
249827526,45
249827537,45
249827547,45
249827558,45
249827568,45
249827578,45
249827588,45
249827598,45
249827608,45
249827618,45
249827628,45
249827638,45
249827649,45
249827659,45
249827670,45
249827680,45
249827690,45
249827700,45
249827710,45
249827721,45
249827731,45
249827741,45
249827751,45
249827762,45
249827772,45
249827782,45
249827792,45
249827803,45
249827813,45
249827823,45
249827833,45
249827843,45
249827853,45
249827863,45
249827873,45
249827883,45
249827893,45
249827903,45
249827913,45
249827923,45
249827934,45
249827944,45
249827954,45
249827965,45
249827975,45
249827985,45
249827996,45
249828006,45
249828016,45
249828026,45
249828036,45
249828047,45
249828057,45
249828067,45
249828078,45
249828088,45
249828099,45
249828109,45
249828119,45
249828129,45
249828139,45
249828149,45
249828160,45
249828170,45
249828181,45
249828191,45
249828202,45
249828212,45
249828222,45
249828232,45
249828242,45
249828252,45
249828263,45
249828273,45
249828283,45
249828294,45
249828304,45
249828315,45
249828325,45
249828335,45
249828345,45
249828355,45
249828366,45
249828376,45
249828386,45
249828397,45
249828407,45
249828417,45
249828427,45
249828437,45
249828448,45
249828458,45
249828468,45
249828478,45
249828488,45
249828498,45
249828509,45
249828519,45
249828530,45
249828540,45
249828551,45
249828562,45
249828572,45
249828582,45
249828592,45
249828603,45
249828613,45
249828624,45
249828634,45
249828645,45
249828655,45
249828665,45
249828675,45
249828686,45
249828696,45
249828706,45
249828716,45
249828726,45
249828736,45
249828746,45
249828757,45
249828767,45
249828777,45
249828787,45
249828797,45
249828807,45
249828817,45
249828827,45
249828838,45
249828848,45
249828859,45
249828869,45
249828880,45
249828890,45
249828900,45
249828910,45
249828921,45
249828931,45
249828941,45
249828951,45
249828961,45
249828972,45
249828982,45
249828992,45
249829002,45
249829012,45
249829023,45
249829033,45
249829044,45
249829054,45
249829065,45
249829075,45
249829085,45
249829096,45
249829106,45
249829117,45
249829127,45
249829138,45
249829148,45
249829158,45
249829168,45
249829179,45
249829189,45
249829199,45
249829209,45
249829219,45
249829229,45
249829239,45
249829249,46
249829259,46
249829269,46
249829279,46
249829289,46
249829299,46
249829309,46
249829319,46
249829330,46
249829340,46
249829351,46
249829361,46
249829371,46
249829382,46
249829392,46
249829402,46
249829413,46
249829423,46
249829434,46
249829444,46
249829454,47
249829464,47
249829474,47
249829485,47
249829495,47
249829505,47
249829516,47
249829526,47
249829536,47
249829546,47
249829557,47
249829567,47
249829578,47
249829588,47
249829599,47
249829609,47
249829620,47
249829630,47
249829641,47
249829651,47
249829661,47
249829671,47
249829681,47
249829691,47
249829701,47
249829711,47
249829722,47
249829732,47
249829742,47
249829753,47
249829763,47
249829773,47
249829783,47
249829793,47
249829803,47
249829813,47
249829824,47
249829834,47
249829845,47
249829855,47
249829865,48
249829875,48
249829885,48
249829895,48
249829905,48
249829915,48
249829926,48
249829936,48
249829947,48
249829957,48
249829967,48
249829977,48
249829988,48
249829998,48
249830008,48
249830019,48
249830029,48
249830039,48
249830049,48
249830059,48
249830069,48
249830079,48
249830089,48
249830100,48
249830110,48
249830121,48
249830131,48
249830141,48
249830151,48
249830161,48
249830171,48
249830181,48
249830192,48
249830202,48
249830213,48
249830223,48
249830234,48
249830244,48
249830254,48
249830265,48
249830275,48
249830286,48
249830296,48
249830306,48
249830317,48
249830327,48
249830338,48
249830348,48
249830359,48
249830369,48
249830380,48
249830390,48
249830401,48
249830411,48
249830421,48
249830431,48
249830442,48
249830453,48
249830463,48
249830474,48
249830484,48
249830494,48
249830504,48
249830514,48
249830524,48
249830535,48
249830545,48
249830555,48
249830566,48
249830576,48
249830587,48
249830597,48
249830608,48
249830618,48
249830629,48
249830639,48
249830650,48
249830660,48
249830670,48
249830680,48
249830690,48
249830701,48
249830711,48
249830721,48
249830732,48
249830742,48
249830753,48
249830763,48
249830773,48
249830784,48
249830794,48
249830805,48
249830815,48
249830826,48
249830836,48
249830847,48
249830857,48
249830868,48
249830878,48
249830889,48
249830899,48
249830909,48
249830919,48
249830929,48
249830939,48
249830950,48
249830960,48
249830970,48
249830980,48
249830990,48
249831000,48
249831011,48
249831021,48
249831031,48
249831041,48
249831051,48
249831061,48
249831071,48
249831082,48
249831092,48
249831103,48
249831113,48
249831124,48
249831135,48
249831145,48
249831155,48
249831166,48
249831176,48
249831187,48
249831197,48
249831207,48
249831218,48
249831228,48
249831238,48
249831248,48
249831258,48
249831269,48
249831279,48
249831290,48
249831300,48
249831310,48
249831320,48
249831330,48
249831340,48
249831350,48
249831360,48
249831370,48
249831381,48
249831391,48
249831402,48
249831412,48
249831423,48
249831434,48
249831444,48
249831456,48
249831467,48
249831477,48
249831488,48
249831498,48
249831509,48
249831519,48
249831530,48
249831540,48
249831550,48
249831560,48
249831570,48
249831581,48
249831591,48
249831602,48
249831612,48
249831622,48
249831632,48
249831643,48
249831653,48
249831664,48
249831676,48
249831686,48
249831696,48
249831706,48
249831717,48
249831728,48
249831738,48
249831749,48
249831759,48
249831770,48
249831780,48
249831790,48
249831800,48
249831810,48
249831821,48
249831831,48
249831841,48
249831851,48
249831861,48
249831872,48
249831882,48
249831892,48
249831902,48
249831913,48
249831924,48
249831934,48
249831944,48
249831954,48
249831964,48
249831974,48
249831984,48
249831994,48
249832005,48
249832015,48
249832026,48
249832036,48
249832047,48
249832057,48
249832068,48
249832078,48
249832089,48
249832099,48
249832110,48
249832120,48
249832130,48
249832140,48
249832150,48
249832160,48
249832171,48
249832181,48
249832191,48
249832201,48
249832212,48
249832222,48
249832233,48
249832243,48
249832253,48
249832263,48
249832274,48
249832284,48
249832294,48
249832304,48
249832314,48
249832324,48
249832335,48
249832345,48
249832355,48
249832365,48
249832375,48
249832385,48
249832396,48
249832407,48
249832417,48
249832427,48
249832437,48
249832448,48
249832458,48
249832468,48
249832478,48
249832488,48
249832498,48
249832508,48
249832519,48
249832529,48
249832539,48
249832550,48
249832560,48
249832571,48
249832581,48
249832592,48
249832602,48
249832612,48
249832622,48
249832632,48
249832642,48
249832652,48
249832663,48
249832673,48
249832684,48
249832694,48
249832705,48
249832715,48
249832725,48
249832736,48
249832746,48
249832756,48
249832767,48
249832778,48
249832788,48
249832798,48
249832809,48
249832819,48
249832830,48
249832840,48
249832850,48
249832860,48
249832870,48
249832880,48
249832890,48
249832900,48
249832911,48
249832921,48
249832931,48
249832941,48
249832951,48
249832961,48
249832971,48
249832982,48
249832992,48
249833002,48
249833012,48
249833023,48
249833033,48
249833043,48
249833053,48
249833064,48
249833074,48
249833084,48
249833094,48
249833105,48
249833116,48
249833126,48
249833136,48
249833146,48
249833156,48
249833167,48
249833177,48
249833188,48
249833198,48
249833209,48
249833219,48
249833229,48
249833239,48
249833249,48
249833260,48
249833270,48
249833280,48
249833290,48
249833300,48
249833310,48
249833321,48
249833331,48
249833342,48
249833352,48
249833362,48
249833372,48
249833382,48
249833392,48
249833402,48
249833412,48
249833422,48
249833432,48
249833442,48
249833452,48
249833463,48
249833474,48
249833484,48
249833494,48
249833504,48
249833514,48
249833525,48
249833535,48
249833546,48
249833556,48
249833567,48
249833577,48
249833588,48
249833598,48
249833608,48
249833618,48
249833628,48
249833639,48
249833649,48
249833660,48
249833670,48
249833681,48
249833691,48
249833701,48
249833711,48
249833721,48
249833731,48
249833741,48
249833752,48
249833762,48
249833773,48
249833784,48
249833794,48
249833804,48
249833814,48
249833824,48
249833835,48
249833845,48
249833855,48
249833865,48
249833875,48
249833885,48
249833895,48
249833906,48
249833916,48
249833927,48
249833937,48
249833947,48
249833957,48
249833967,48
249833977,48
249833987,48
249833997,48
249834007,48
249834017,48
249834027,48
249834038,48
249834048,48
249834059,48
249834069,48
249834080,48
249834090,48
249834101,48
249834111,48
249834122,48
249834132,48
249834142,48
249834152,48
249834163,48
249834173,48
249834183,48
249834193,48
249834203,48
249834213,48
249834223,48
249834234,48
249834244,48
249834255,48
249834265,48
249834276,48
249834286,48
249834297,48
249834308,48
249834318,48
249834328,48
249834339,48
249834350,48
249834360,48
249834370,48
249834380,48
249834390,48
249834400,48
249834410,48
249834420,48
249834430,48
249834440,48
249834450,48
249834460,48
249834470,48
249834480,48
249834490,48
249834500,48
249834510,48
249834520,48
249834530,48
249834540,48
249834550,48
249834560,48
249834571,48
249834581,48
249834592,48
249834602,48
249834612,48
249834622,48
249834632,48
249834643,48
249834653,48
249834664,48
249834674,48
249834685,48
249834695,48
249834705,48
249834715,48
249834725,48
249834735,48
249834746,48
249834756,48
249834767,48
249834778,48
249834788,48
249834798,48
249834808,48
249834818,48
249834829,48
249834839,48
249834850,48
249834860,48
249834871,48
249834881,48
249834891,48
249834901,48
249834912,48
249834922,48
249834932,48
249834942,48
249834952,48
249834962,48
249834972,48
249834982,48
249834992,48
249835002,48
249835013,48
249835023,48
249835033,48
249835043,48
249835053,48
249835063,48
249835073,48
249835083,48
249835094,48
249835104,48
249835115,48
249835125,48
249835136,48
249835146,48
249835156,48
249835166,48
249835176,48
249835187,48
249835197,48
249835207,48
249835217,48
249835227,48
249835237,48
249835247,48
249835257,48
249835268,48
249835278,48
249835288,48
249835298,48
249835308,48
249835319,48
249835330,48
249835340,48
249835350,48
249835360,48
249835370,48
249835380,48
249835390,48
249835400,48
249835411,48
249835421,48
249835431,48
249835441,48
249835451,48
249835461,48
249835471,48
249835481,48
249835491,48
249835501,48
249835511,48
249835522,48
249835532,48
249835542,48
249835552,48
249835562,48
249835572,48
249835582,48
249835592,48
249835602,48
249835612,48
249835622,48
249835632,48
249835642,48
249835652,48
249835662,48
249835672,48
249835683,48
249835693,48
249835703,48
249835713,48
249835723,48
249835734,48
249835744,48
249835754,48
249835765,48
249835775,48
249835786,48
249835796,48
249835806,48
249835816,48
249835826,48
249835836,48
249835846,48
249835856,48
249835866,48
249835876,48
249835886,48
249835896,48
249835906,48
249835916,48
249835927,48
249835937,48
249835948,48
249835958,48
249835969,48
249835979,48
249835989,48
249835999,48
249836009,48
249836019,48
249836029,48
249836039,48
249836050,48
249836060,48
249836070,48
249836080,48
249836090,48
249836100,48
249836111,48
249836121,48
249836131,48
249836142,48
249836152,48
249836163,48
249836173,48
249836184,48
249836194,48
249836205,48
249836215,48
249836226,48
249836236,48
249836246,48
249836256,48
249836267,48
249836277,48
249836287,48
249836297,48
249836307,48
249836318,48
249836328,48
249836338,48
249836349,48
249836359,48
249836370,48
249836380,48
249836391,48
249836401,48
249836412,48
249836422,48
249836433,48
249836443,48
249836453,48
249836463,48
249836473,48
249836484,48
249836494,48
249836504,48
249836515,48
249836525,48
249836536,48
249836547,48
249836557,48
249836567,48
249836577,48
249836588,48
249836598,48
249836609,48
249836619,48
249836629,48
249836639,48
249836649,48
249836659,48
249836669,48
249836680,48
249836690,48
249836701,48
249836711,48
249836722,48
249836732,48
249836742,48
249836752,49
249836762,49
249836772,49
249836784,49
249836795,49
249836805,49
249836815,49
249836825,49
249836835,49
249836845,49
249836855,49
249836866,49
249836876,49
249836886,49
249836896,49
249836906,49
249836916,49
249836926,49
249836936,49
249836946,49
249836956,49
249836967,49
249836977,49
249836988,49
249836999,49
249837010,49
249837020,49
249837031,49
249837041,49
249837052,49
249837062,49
249837072,49
249837082,49
249837092,49
249837102,49
249837112,49
249837122,49
249837133,49
249837143,49
249837154,49
249837164,49
249837175,49
249837185,49
249837196,49
249837206,49
249837217,49
249837227,49
249837238,49
249837248,49
249837259,49
249837269,49
249837279,49
249837289,49
249837300,49
249837310,49
249837320,49
249837330,49
249837340,49
249837350,49
249837361,49
249837372,49
249837382,49
249837392,49
249837402,49
249837412,49
249837422,49
249837432,49
249837442,49
249837452,49
249837463,49
249837473,49
249837484,49
249837494,49
249837505,49
249837515,49
249837525,49
249837536,49
249837547,49
249837557,49
249837568,49
249837578,49
249837588,49
249837598,49
249837608,49
249837618,49
249837628,49
249837638,49
249837648,49
249837658,49
249837668,49
249837679,49
249837689,49
249837700,49
249837710,49
249837720,49
249837730,49
249837740,49
249837750,49
249837760,49
249837770,49
249837780,49
249837790,49
249837801,49
249837811,49
249837821,49
249837831,49
249837841,49
249837852,49
249837862,49
249837873,49
249837883,49
249837894,49
249837905,49
249837915,49
249837926,49
249837936,49
249837946,49
249837956,49
249837966,49
249837976,49
249837987,49
249837997,49
249838008,49
249838018,49
249838028,49
249838039,49
249838049,49
249838059,49
249838069,49
249838079,49
249838089,49
249838099,49
249838109,49
249838119,49
249838129,49
249838139,50
249838149,50
249838159,50
249838170,50
249838180,50
249838191,50
249838201,50
249838211,50
249838222,50
249838232,50
249838242,50
249838252,50
249838262,50
249838273,50
249838284,50
249838294,50
249838304,50
249838314,50
249838324,50
249838335,50
249838345,50
249838355,50
249838365,50
249838375,50
249838385,50
249838396,50
249838406,50
249838416,50
249838426,50
249838436,50
249838446,50
249838457,50
249838467,50
249838477,50
249838487,50
249838497,50
249838507,50
249838517,50
249838527,50
249838538,50
249838548,50
249838558,50
249838568,50
249838579,50
249838589,50
249838600,50
249838610,50
249838620,50
249838630,50
249838640,50
249838651,50
249838661,50
249838672,50
249838682,50
249838693,50
249838703,50
249838713,50
249838724,50
249838734,50
249838744,50
249838754,50
249838765,50
249838775,50
249838785,50
249838795,50
249838805,50
