251224609,0
251224620,0
251224631,0
251224641,0
251224651,0
251224661,0
251224671,0
251224681,0
251224692,0
251224702,0
251224712,0
251224723,0
251224733,0
251224744,0
251224754,0
251224764,0
251224774,0
251224785,0
251224795,0
251224805,0
251224815,0
251224825,0
251224835,0
251224846,0
251224856,0
251224866,0
251224876,0
251224886,0
251224896,0
251224907,0
251224917,0
251224927,0
251224937,0
251224947,0
251224957,1
251224967,1
251224977,1
251224987,1
251224997,1
251225007,1
251225017,1
251225027,1
251225037,1
251225047,1
251225057,1
251225068,1
251225078,1
251225088,1
251225100,1
251225110,1
251225120,1
251225130,1
251225140,1
251225150,1
251225160,1
251225170,1
251225181,1
251225191,1
251225202,1
251225213,1
251225223,1
251225234,1
251225244,1
251225254,1
251225264,1
251225275,1
251225285,1
251225296,1
251225306,1
251225316,1
251225326,2
251225337,2
251225347,2
251225357,2
251225367,2
251225377,2
251225387,2
251225398,2
251225408,2
251225418,2
251225429,2
251225439,2
251225449,2
251225459,2
251225469,2
251225479,2
251225489,2
251225499,2
251225509,2
251225519,2
251225529,2
251225539,2
251225550,2
251225561,2
251225571,2
251225581,2
251225592,2
251225602,2
251225612,2
251225622,2
251225633,2
251225644,2
251225654,2
251225664,2
251225674,2
251225684,2
251225695,2
251225706,2
251225716,2
251225726,2
251225736,2
251225747,2
251225758,2
251225768,2
251225778,2
251225788,2
251225798,2
251225808,2
251225818,2
251225829,2
251225839,2
251225849,2
251225860,2
251225870,2
251225880,2
251225890,2
251225901,2
251225911,2
251225922,2
251225932,2
251225943,2
251225954,2
251225964,2
251225974,2
251225984,2
251225995,2
251226005,2
251226015,2
251226025,2
251226035,2
251226045,2
251226055,2
251226065,2
251226075,2
251226086,2
251226097,2
251226108,2
251226118,2
251226128,2
251226139,2
251226149,2
251226159,2
251226169,2
251226180,2
251226191,2
251226201,2
251226211,2
251226222,2
251226232,2
251226242,2
251226252,2
251226262,2
251226272,2
251226282,2
251226292,2
251226302,2
251226312,2
251226322,2
251226332,2
251226342,2
251226352,2
251226362,2
251226373,2
251226383,2
251226394,2
251226404,2
251226414,2
251226424,2
251226434,2
251226445,2
251226456,2
251226466,2
251226476,2
251226486,2
251226497,2
251226507,2
251226517,2
251226527,2
251226537,2
251226547,2
251226558,2
251226568,2
251226578,2
251226588,2
251226599,2
251226609,2
251226619,2
251226629,2
251226639,2
251226650,2
251226660,2
251226671,3
251226682,3
251226692,3
251226702,3
251226713,3
251226723,3
251226733,3
251226743,3
251226753,3
251226763,3
251226773,3
251226783,3
251226794,3
251226804,3
251226815,3
251226825,3
251226835,3
251226846,3
251226856,3
251226866,3
251226876,3
251226886,3
251226896,3
251226907,3
251226917,3
251226927,3
251226937,3
251226947,3
251226957,3
251226967,3
251226977,3
251226987,3
251226997,3
251227007,3
251227017,3
251227027,3
251227038,3
251227048,3
251227059,3
251227069,3
251227079,3
251227089,3
251227100,3
251227111,3
251227121,3
251227132,3
251227143,3
251227153,3
251227163,3
251227173,3
251227183,3
251227193,3
251227204,3
251227214,3
251227224,3
251227234,3
251227244,4
251227254,4
251227264,4
251227274,4
251227285,4
251227296,4
251227306,4
251227317,4
251227327,4
251227337,4
251227348,4
251227358,4
251227368,4
251227378,4
251227389,4
251227400,4
251227411,4
251227421,4
251227431,4
251227441,4
251227452,4
251227462,4
251227472,4
251227482,4
251227492,4
251227502,4
251227512,4
251227523,4
251227533,4
251227545,4
251227555,4
251227565,4
251227576,4
251227586,4
251227596,4
251227606,4
251227616,4
251227627,4
251227638,4
251227648,4
251227658,4
251227668,4
251227678,4
251227688,4
251227698,4
251227709,4
251227720,4
251227731,4
251227741,4
251227752,4
251227762,4
251227772,4
251227782,4
251227792,4
251227802,4
251227813,4
251227823,4
251227833,4
251227843,4
251227854,4
251227864,4
251227874,4
251227884,4
251227894,4
251227904,4
251227914,4
251227925,4
251227935,4
251227946,4
251227958,4
251227969,4
251227980,4
251227990,4
251228001,4
251228011,4
251228022,4
251228032,4
251228043,4
251228053,4
251228064,4
251228074,4
251228084,4
251228094,4
251228104,4
251228114,4
251228124,4
251228134,4
251228145,4
251228156,4
251228166,4
251228176,4
251228186,4
251228196,4
251228206,4
251228216,4
251228226,4
251228237,4
251228247,4
251228257,4
251228267,4
251228278,4
251228288,4
251228298,4
251228308,4
251228318,4
251228329,4
251228339,4
251228349,4
251228359,4
251228369,4
251228380,4
251228390,4
251228400,4
251228410,4
251228420,4
251228430,4
251228440,4
251228450,4
251228460,4
251228470,4
251228480,4
251228490,4
251228500,4
251228510,4
251228521,4
251228532,4
251228542,4
251228552,4
251228562,4
251228572,4
251228582,4
251228592,4
251228602,4
251228613,4
251228623,4
251228633,4
251228644,4
251228654,4
251228664,4
251228674,4
251228684,4
251228695,4
251228706,4
251228716,4
251228727,4
251228737,4
251228747,4
251228757,4
251228767,4
251228777,4
251228787,4
251228798,4
251228809,4
251228820,4
251228830,4
251228841,4
251228851,4
251228862,4
251228873,4
251228883,4
251228893,4
251228903,4
251228913,4
251228923,4
251228933,4
251228943,4
251228953,4
251228963,4
251228974,4
251228984,4
251228994,4
251229004,4
251229014,4
251229025,4
251229035,4
251229046,4
251229057,4
251229068,4
251229078,4
251229089,4
251229099,4
251229110,4
251229120,4
251229131,4
251229141,4
251229151,4
251229161,4
251229171,4
251229182,4
251229192,4
251229202,4
251229213,4
251229223,4
251229233,4
251229243,4
251229253,4
251229263,4
251229273,4
251229283,4
251229293,4
251229303,4
251229314,4
251229324,4
251229335,4
251229345,4
251229355,4
251229365,4
251229376,4
251229386,4
251229396,4
251229407,4
251229417,4
251229427,4
251229438,4
251229449,4
251229459,4
251229470,4
251229480,4
251229490,4
251229500,4
251229510,4
251229521,4
251229531,4
251229542,4
251229552,4
251229562,4
251229572,4
251229582,4
251229593,4
251229603,4
251229614,4
251229624,4
251229635,4
251229645,4
251229655,4
251229666,4
251229676,4
251229686,4
251229696,4
251229707,4
251229718,4
251229729,4
251229739,4
251229750,4
251229760,4
251229770,4
251229780,4
251229790,4
251229800,4
251229811,4
251229821,5
251229831,5
251229841,5
251229852,5
251229862,5
251229872,5
251229882,5
251229892,5
251229902,5
251229912,5
251229922,5
251229932,5
251229942,5
251229952,5
251229962,5
251229973,5
251229983,5
251229993,5
251230004,5
251230014,5
251230024,5
251230035,5
251230045,5
251230055,5
251230065,5
251230075,5
251230085,5
251230095,5
251230105,5
251230115,5
251230125,5
251230135,5
251230145,5
251230155,5
251230166,5
251230176,5
251230187,5
251230197,5
251230208,5
251230218,5
251230228,5
251230238,5
251230249,5
251230259,5
251230270,5
251230280,5
251230290,5
251230300,5
251230310,5
251230322,5
251230332,5
251230342,5
251230352,5
251230362,6
251230372,6
251230382,6
251230392,6
251230402,6
251230412,6
251230422,6
251230432,7
251230442,7
251230453,7
251230463,7
251230473,7
251230484,7
251230494,7
251230505,7
251230515,7
251230525,7
251230535,7
251230545,7
251230555,7
251230566,7
251230576,7
251230587,7
251230597,7
251230607,7
251230618,7
251230628,7
251230639,7
251230649,7
251230659,7
251230669,7
251230679,7
251230689,7
251230700,7
251230710,7
251230721,7
251230731,7
251230742,7
251230752,7
251230762,7
251230773,7
251230783,7
251230793,7
251230804,7
251230814,7
251230824,7
251230835,7
251230845,7
251230855,7
251230865,7
251230875,7
251230885,7
251230896,7
251230906,7
251230923,7
251230941,7
251230956,7
251230966,7
251230977,7
251230987,8
251230997,8
251231007,8
251231018,8
251231028,8
251231038,8
251231048,8
251231058,8
251231068,8
251231079,8
251231090,8
251231100,8
251231110,8
251231120,8
251231130,8
251231140,8
251231150,8
251231160,8
251231170,8
251231181,8
251231191,8
251231201,8
251231212,8
251231222,8
251231232,8
251231242,8
251231253,8
251231263,8
251231273,8
251231283,8
251231293,8
251231303,8
251231313,8
251231323,8
251231334,9
251231344,9
251231354,9
251231365,9
251231376,9
251231386,9
251231397,9
251231407,9
251231417,9
251231427,9
251231437,9
251231447,9
251231457,9
251231467,9
251231477,9
251231487,9
251231498,9
251231508,9
251231518,9
251231528,9
251231538,9
251231548,9
251231558,9
251231568,9
251231578,9
251231589,9
251231599,9
251231609,9
251231619,9
251231629,9
251231639,9
251231649,9
251231659,9
251231669,9
251231679,9
251231690,9
251231700,9
251231711,9
251231722,9
251231732,9
251231743,9
251231753,9
251231764,9
251231774,9
251231784,9
251231794,9
251231804,9
251231814,9
251231824,9
251231834,9
251231844,9
251231854,9
251231864,9
251231874,9
251231884,9
251231894,9
251231904,9
251231914,9
251231924,9
251231935,9
251231945,9
251231956,9
251231966,9
251231976,9
251231986,9
251231996,9
251232007,9
251232017,9
251232028,9
251232038,9
251232048,9
251232058,9
251232069,9
251232079,9
251232089,9
251232099,9
251232110,9
251232120,9
251232130,9
251232141,9
251232151,9
251232161,9
251232172,9
251232182,9
251232192,9
251232203,9
251232213,9
251232223,9
251232234,9
251232244,9
251232254,9
251232264,9
251232274,9
251232284,9
251232294,9
251232304,9
251232314,9
251232324,9
251232334,9
251232344,9
251232355,9
251232365,9
251232376,9
251232386,9
251232396,9
251232407,9
251232417,9
251232428,9
251232438,9
251232449,9
251232459,9
251232470,9
251232480,9
251232490,9
251232500,9
251232510,9
251232520,9
251232530,9
251232541,9
251232551,9
251232562,9
251232573,9
251232583,9
251232594,9
251232604,9
251232615,9
251232626,9
251232636,9
251232646,9
251232656,9
251232666,9
251232676,9
251232686,9
251232696,9
251232707,9
251232717,9
251232727,9
251232737,9
251232747,9
251232757,9
251232768,9
251232779,9
251232789,9
251232799,9
251232809,9
251232819,9
251232830,9
251232840,9
251232850,9
251232860,9
251232870,9
251232880,9
251232890,9
251232900,9
251232911,9
251232921,9
251232931,9
251232942,9
251232952,9
251232963,9
251232973,9
251232983,9
251232993,9
251233003,9
251233013,9
251233023,9
251233033,9
251233043,9
251233053,9
251233064,9
251233074,9
251233084,9
251233095,9
251233105,9
251233116,9
251233126,9
251233137,9
251233147,9
251233158,9
251233168,9
251233178,9
251233188,9
251233198,10
251233208,10
251233218,10
251233228,10
251233238,10
251233248,10
251233258,10
251233268,10
251233278,10
251233288,10
251233298,10
251233308,10
251233318,10
251233328,10
251233338,10
251233349,10
251233359,10
251233369,10
251233379,10
251233389,10
251233399,10
251233409,10
251233419,11
251233430,11
251233441,11
251233451,11
251233461,11
251233471,11
251233481,11
251233491,11
251233501,11
251233511,11
251233521,11
251233532,11
251233542,11
251233552,11
251233562,11
251233573,11
251233583,11
251233593,12
251233603,12
251233613,12
251233623,12
251233633,12
251233643,12
251233653,12
251233663,12
251233674,12
251233684,12
251233694,12
251233704,12
251233714,12
251233724,12
251233735,12
251233745,12
251233755,12
251233765,12
251233775,12
251233786,12
251233796,12
251233806,12
251233816,12
251233827,12
251233837,12
251233847,12
251233858,12
251233868,12
251233879,12
251233890,12
251233901,12
251233911,12
251233922,12
251233932,12
251233942,12
251233952,12
251233962,12
251233973,12
251233983,12
251233993,12
251234003,12
251234013,12
251234024,12
251234034,12
251234044,12
251234054,12
251234064,12
251234075,12
251234085,12
251234095,12
251234105,12
251234116,12
251234126,12
251234137,12
251234147,12
251234159,12
251234169,12
251234179,12
251234189,12
251234199,12
251234209,12
251234219,12
251234230,12
251234240,12
251234250,12
251234260,12
251234270,12
251234280,12
251234290,12
251234300,12
251234310,12
251234321,12
251234331,12
251234341,12
251234351,12
251234362,12
251234372,12
251234383,12
251234393,12
251234403,12
251234413,12
251234423,12
251234433,12
251234444,12
251234454,12
251234464,12
251234474,12
251234485,12
251234496,12
251234506,12
251234516,12
251234526,12
251234536,12
251234547,12
251234557,12
251234568,12
251234578,12
251234589,12
251234599,12
251234610,12
251234620,12
251234630,12
251234640,12
251234650,13
251234662,13
251234672,13
251234683,13
251234695,13
251234706,13
251234717,13
251234727,13
251234737,13
251234747,13
251234757,13
251234767,13
251234778,13
251234788,13
251234798,13
251234808,13
251234819,13
251234829,13
251234839,13
251234850,13
251234860,13
251234870,13
251234881,13
251234891,13
251234901,13
251234911,13
251234922,13
251234932,13
251234942,13
251234952,13
251234962,13
251234973,13
251234984,13
251234994,13
251235005,13
251235015,13
251235025,13
251235036,13
251235046,13
251235056,13
251235067,13
251235077,13
251235088,14
251235098,14
251235108,14
251235118,14
251235128,14
251235138,14
251235148,14
251235158,14
251235168,14
251235178,14
251235188,14
251235198,14
251235208,14
251235218,14
251235228,14
251235238,14
251235248,14
251235258,14
251235269,14
251235279,14
251235289,15
251235299,15
251235309,15
251235320,15
251235331,15
251235341,15
251235351,15
251235361,15
251235371,15
251235382,15
251235392,15
251235403,15
251235413,15
251235423,15
251235433,15
251235443,15
251235454,15
251235464,15
251235475,15
251235485,15
251235496,15
251235506,15
251235517,16
251235527,16
251235537,16
251235547,16
251235557,16
251235568,16
251235578,16
251235589,16
251235599,16
251235609,16
251235619,16
251235629,16
251235639,16
251235649,16
251235659,16
251235669,16
251235679,16
251235689,16
251235699,16
251235709,16
251235719,16
251235729,16
251235739,16
251235749,16
251235759,16
251235769,16
251235779,16
251235790,16
251235800,16
251235810,16
251235820,16
251235830,16
251235840,16
251235850,16
251235861,16
251235871,16
251235881,16
251235891,16
251235901,16
251235911,16
251235921,16
251235931,16
251235941,16
251235951,16
251235961,16
251235972,16
251235982,16
251235992,16
251236002,16
251236012,16
251236022,17
251236032,17
251236042,17
251236052,18
251236062,18
251236073,18
251236083,18
251236093,18
251236103,18
251236113,18
251236124,18
251236134,18
251236144,18
251236154,18
251236164,18
251236175,18
251236185,18
251236196,18
251236206,18
251236217,19
251236227,19
251236237,19
251236247,19
251236257,19
251236267,19
251236277,19
251236287,19
251236297,19
251236307,19
251236317,19
251236327,19
251236338,19
251236348,19
251236358,19
251236368,19
251236378,19
251236389,19
251236399,19
251236410,19
251236420,19
251236431,19
251236441,19
251236451,19
251236461,19
251236472,19
251236482,19
251236493,19
251236503,19
251236513,19
251236523,19
251236534,19
251236545,19
251236555,19
251236565,19
251236575,19
251236585,19
251236595,19
251236605,19
251236615,19
251236625,19
251236636,19
251236646,19
251236656,19
251236666,19
251236676,19
251236686,19
251236696,19
251236706,19
251236716,19
251236726,19
251236736,19
251236746,19
251236757,19
251236767,19
251236777,19
251236788,19
251236798,19
251236808,19
251236818,19
251236828,19
251236838,19
251236848,19
251236859,19
251236869,19
251236879,19
251236889,19
251236900,19
251236910,19
251236920,19
251236930,19
251236940,19
251236950,19
251236961,19
251236972,19
251236982,19
251236992,19
251237002,19
251237012,19
251237022,19
251237032,19
251237042,19
251237052,19
251237062,19
251237072,19
251237082,19
251237092,19
251237102,19
251237112,19
251237122,19
251237132,19
251237143,19
251237153,19
251237163,19
251237173,19
251237183,19
251237193,19
251237204,19
251237214,19
251237224,19
251237234,19
251237245,19
251237255,19
251237265,19
251237275,19
251237285,19
251237295,19
251237305,19
251237315,19
251237325,19
251237336,19
251237346,19
251237356,19
251237366,19
251237376,19
251237386,19
251237396,19
251237407,19
251237417,19
251237427,19
251237437,19
251237447,19
251237458,19
251237468,19
251237479,19
251237489,19
251237500,19
251237510,19
251237520,19
251237530,19
251237540,19
251237551,19
251237561,19
251237571,19
251237581,19
251237591,19
251237601,19
251237611,19
251237621,19
251237631,19
251237641,19
251237651,19
251237661,19
251237671,19
251237681,19
251237691,19
251237702,19
251237712,19
251237723,19
251237734,19
251237744,19
251237755,19
251237765,19
251237775,19
251237785,19
251237795,19
251237805,19
251237815,19
251237825,19
251237835,19
251237846,19
251237856,19
251237867,19
251237877,19
251237887,19
251237898,19
251237908,19
251237918,19
251237928,19
251237938,19
251237948,19
251237959,19
251237969,19
251237980,19
251237990,19
251238000,19
251238010,19
251238020,19
251238030,19
251238040,19
251238050,19
251238060,19
251238071,19
251238081,19
251238091,19
251238101,19
251238111,19
251238121,19
251238132,19
251238142,19
251238152,19
251238162,19
251238172,19
251238182,19
251238192,19
251238202,19
251238212,19
251238222,19
251238232,19
251238243,19
251238253,19
251238263,19
251238274,19
251238284,19
251238294,19
251238304,19
251238314,19
251238325,19
251238336,19
251238346,19
251238356,19
251238367,19
251238378,19
251238389,19
251238399,19
251238409,19
251238419,19
251238430,19
251238440,19
251238451,19
251238461,19
251238472,19
251238482,19
251238493,19
251238503,19
251238513,21
251238523,21
251238533,21
251238543,21
251238553,21
251238563,21
251238574,21
251238584,21
251238595,21
251238605,21
251238616,21
251238626,21
251238636,21
251238646,21
251238656,21
251238666,21
251238676,21
251238686,21
251238697,21
251238707,21
251238717,22
251238728,22
251238738,22
251238748,22
251238758,22
251238768,22
251238778,22
251238789,22
251238799,22
251238810,23
251238820,23
251238831,23
251238841,23
251238852,23
251238863,23
251238873,23
251238883,23
251238893,23
251238903,23
251238914,23
251238924,23
251238935,23
251238945,23
251238955,23
251238965,23
251238975,23
251238985,23
251238995,23
251239005,23
251239015,23
251239025,23
251239035,23
251239045,23
251239055,23
251239065,23
251239075,23
251239085,23
251239096,23
251239106,23
251239117,23
251239127,23
251239138,23
251239149,23
251239159,23
251239170,23
251239180,23
251239190,23
251239200,23
251239211,23
251239221,23
251239231,23
251239241,23
251239251,23
251239262,23
251239272,23
251239283,23
251239294,23
251239305,23
251239315,23
251239325,23
251239335,23
251239345,23
251239355,23
251239365,23
251239375,23
251239385,23
251239395,23
251239405,23
251239415,23
251239426,23
251239436,23
251239446,23
251239456,23
251239467,23
251239477,23
251239487,23
251239498,23
251239508,23
251239518,23
251239528,23
251239538,23
251239549,23
251239559,23
251239569,23
251239579,23
251239589,23
251239599,23
251239609,23
251239619,23
251239629,23
251239639,23
251239649,23
251239659,23
251239670,23
251239680,23
251239690,23
251239700,23
251239710,23
251239720,23
251239730,23
251239740,23
251239750,23
251239761,23
251239771,23
251239781,23
251239791,23
251239802,23
251239812,23
251239823,23
251239833,23
251239844,23
251239854,23
251239864,23
251239874,23
251239884,23
251239894,23
251239905,23
251239915,23
251239926,23
251239936,23
251239947,23
251239957,23
251239968,23
251239978,23
251239989,23
251239999,23
251240010,23
251240020,23
251240031,23
251240041,23
251240051,23
251240061,23
251240071,23
251240082,23
251240092,23
251240102,23
251240113,23
251240123,23
251240133,23
251240143,23
251240153,23
251240163,23
251240173,23
251240184,23
251240194,23
251240205,23
251240215,23
251240225,23
251240235,23
251240245,23
251240256,23
251240266,23
251240276,23
251240287,23
251240297,23
251240307,23
251240318,23
251240328,23
251240338,23
251240348,23
251240358,23
251240368,23
251240378,23
251240389,23
251240399,24
251240409,24
251240419,24
251240429,24
251240439,24
251240449,24
251240460,24
251240470,24
251240480,24
251240490,24
251240501,24
251240511,24
251240521,24
251240531,24
251240541,24
251240551,24
251240561,24
251240571,24
251240581,24
251240591,24
251240601,25
251240611,25
251240621,25
251240631,25
251240641,25
251240651,25
251240662,25
251240672,25
251240683,25
251240693,25
251240703,25
251240713,25
251240724,25
251240734,25
251240744,25
251240754,25
251240764,25
251240774,25
251240784,25
251240794,25
251240805,25
251240815,25
251240825,25
251240835,25
251240846,25
251240856,25
251240867,25
251240877,25
251240887,25
251240897,25
251240907,25
251240917,25
251240928,25
251240938,25
251240949,25
251240959,25
251240969,25
251240979,26
251240989,26
251241000,26
251241010,26
251241020,26
251241030,26
251241040,26
251241050,26
251241060,26
251241070,26
251241080,26
251241091,26
251241101,26
251241111,26
251241121,26
251241131,26
251241141,26
251241151,26
251241162,26
251241172,26
251241183,26
251241193,26
251241204,26
251241214,26
251241225,26
251241236,26
251241246,26
251241256,26
251241266,26
251241276,26
251241286,26
251241296,26
251241307,26
251241317,26
251241327,26
251241337,26
251241347,26
251241357,26
251241368,26
251241378,26
251241388,26
251241398,26
251241408,26
251241418,26
251241428,26
251241438,26
251241448,26
251241458,26
251241468,26
251241478,26
251241488,26
251241498,26
251241508,26
251241519,26
251241529,26
251241540,26
251241550,26
251241561,26
251241571,26
251241582,26
251241592,26
251241603,26
251241613,26
251241624,26
251241634,26
251241644,26
251241654,26
251241664,26
251241674,26
251241684,26
251241695,26
251241705,26
251241715,26
251241726,26
251241736,26
251241747,26
251241757,26
251241767,26
251241777,26
251241787,26
251241797,26
251241808,26
251241819,26
251241829,26
251241839,26
251241850,26
251241860,26
251241871,26
251241881,26
251241891,26
251241901,26
251241912,26
251241922,26
251241933,26
251241943,26
251241953,26
251241963,26
251241973,26
251241983,26
251241993,26
251242003,26
251242013,26
251242024,26
251242034,26
251242044,26
251242054,26
251242064,26
251242074,26
251242084,26
251242094,26
251242104,26
251242114,26
251242125,26
251242135,26
251242145,26
251242155,26
251242166,26
251242176,26
251242186,26
251242196,26
251242207,26
251242217,26
251242227,26
251242237,26
251242247,26
251242257,26
251242267,26
251242277,26
251242287,26
251242297,26
251242307,26
251242317,26
251242327,26
251242337,26
251242347,26
251242357,26
251242367,26
251242377,26
251242387,26
251242398,26
251242408,26
251242418,26
251242428,26
251242438,26
251242450,26
251242460,26
251242471,26
251242481,26
251242492,26
251242502,27
251242513,27
251242523,27
251242534,27
251242544,27
251242554,27
251242565,27
251242576,27
251242586,27
251242596,27
251242608,27
251242618,27
251242628,27
251242638,27
251242649,27
251242659,27
251242669,27
251242679,27
251242689,27
251242699,27
251242710,27
251242720,27
251242731,27
251242741,27
251242751,27
251242761,27
251242771,27
251242781,27
251242791,27
251242801,27
251242811,27
251242821,27
251242831,27
251242841,27
251242852,27
251242863,27
251242873,27
251242884,27
251242895,27
251242905,27
251242915,27
251242925,27
251242935,27
251242946,27
251242957,27
251242967,27
251242977,27
251242987,27
251242997,27
251243007,27
251243017,27
251243027,27
251243038,27
251243048,27
251243058,27
251243068,27
251243078,27
251243088,27
251243098,27
251243108,27
251243118,27
251243128,27
251243138,27
251243148,27
251243159,27
251243169,27
251243179,27
251243189,27
251243199,27
251243209,27
251243219,27
251243229,27
251243240,27
251243250,27
251243260,27
251243271,27
251243281,27
251243292,27
251243302,27
251243312,27
251243322,27
251243332,27
251243343,27
251243354,27
251243364,27
251243374,27
251243384,27
251243395,27
251243405,27
251243415,27
251243426,27
251243436,27
251243447,27
251243457,27
251243468,27
251243479,27
251243490,27
251243500,27
251243510,27
251243521,27
251243531,27
251243542,27
251243552,27
251243563,27
251243573,27
251243583,27
251243593,27
251243603,27
251243613,27
251243623,27
251243633,27
251243643,27
251243653,27
251243663,27
251243673,27
251243683,27
251243693,27
251243703,27
251243714,27
251243724,27
251243734,27
251243745,27
251243755,27
251243765,27
251243775,27
251243786,27
251243796,27
251243807,27
251243817,27
251243827,27
251243837,27
251243848,27
251243858,27
251243868,27
251243878,27
251243888,27
251243898,27
251243908,27
251243918,27
251243928,27
251243939,27
251243949,27
251243959,27
251243969,27
251243979,27
251243989,27
251243999,27
251244009,27
251244019,27
251244029,27
251244039,27
251244049,27
251244059,27
251244069,27
251244079,27
251244089,27
251244099,27
251244109,27
251244119,27
251244130,27
251244140,27
251244151,27
251244161,27
251244172,27
251244182,27
251244192,27
251244202,27
251244212,27
251244222,27
251244233,27
251244243,27
251244254,27
251244265,27
251244275,27
251244286,27
251244296,27
251244306,27
251244316,27
251244326,27
251244337,27
251244348,27
251244358,27
251244368,27
251244378,27
251244388,27
251244398,27
251244408,27
251244419,27
251244429,27
251244439,27
251244449,27
251244459,27
251244469,27
251244481,27
251244491,27
251244501,27
251244511,27
251244522,27
251244532,27
251244543,27
251244553,27
251244564,27
251244574,27
251244585,27
251244595,27
251244605,27
251244616,27
251244626,27
251244638,27
251244648,27
251244658,27
251244668,27
251244679,27
251244689,27
251244700,27
251244710,27
251244721,27
251244731,27
251244742,27
251244752,27
251244762,27
251244772,27
251244782,27
251244792,27
251244802,27
251244812,27
251244822,27
251244832,27
251244842,27
251244852,27
251244863,28
251244873,28
251244883,28
251244893,28
251244903,28
251244913,28
251244924,28
251244934,28
251244945,28
251244955,28
251244965,28
251244975,28
251244985,28
251244996,28
251245006,28
251245017,28
251245027,28
251245038,28
251245048,28
251245058,28
251245069,28
251245079,28
251245090,28
251245100,28
251245110,28
251245121,28
251245131,28
251245141,28
251245151,28
251245161,28
251245172,28
251245182,28
251245193,28
251245203,28
251245213,28
251245224,28
251245234,28
251245245,28
251245255,28
251245265,28
251245275,28
251245285,28
251245295,28
251245305,28
251245315,28
251245325,28
251245335,28
251245345,28
251245355,28
251245365,28
251245375,28
251245385,28
251245396,28
251245406,28
251245417,28
251245427,28
251245437,28
251245447,28
251245457,28
251245467,28
251245478,28
251245488,28
251245498,28
251245508,28
251245518,28
251245529,28
251245539,28
251245549,28
251245559,28
251245569,28
251245579,28
251245589,28
251245599,28
251245609,28
251245619,28
251245630,28
251245640,28
251245651,28
251245661,28
251245671,28
251245681,28
251245691,28
251245701,28
251245711,28
251245722,28
251245732,28
251245743,28
251245753,28
251245763,28
251245773,28
251245783,28
251245793,28
251245803,28
251245814,28
251245824,28
251245835,28
251245845,28
251245855,28
251245866,28
251245876,28
251245886,28
251245896,28
251245907,28
251245917,28
251245928,28
251245938,28
251245949,28
251245959,29
251245969,29
251245980,29
251245990,29
251246000,29
251246010,29
251246020,29
251246031,29
251246041,29
251246051,29
251246061,29
251246071,29
251246082,29
251246092,29
251246103,29
251246113,29
251246124,29
251246134,29
251246145,29
251246155,29
251246165,29
251246175,29
251246185,29
251246195,29
251246205,29
251246216,29
251246226,29
251246237,29
251246247,29
251246258,29
251246268,29
251246278,29
251246288,29
251246298,29
251246308,29
251246319,29
251246329,29
251246339,29
251246349,29
251246359,29
251246370,29
251246380,29
251246391,29
251246401,29
251246412,29
251246422,29
251246432,29
251246443,29
251246454,29
251246464,29
251246474,29
251246484,29
251246494,29
251246505,29
251246515,29
251246526,29
251246536,29
251246546,29
251246557,29
251246567,29
251246577,29
251246587,29
251246597,29
251246607,29
251246617,29
251246627,29
251246637,29
251246648,29
251246658,29
251246669,29
251246679,29
251246690,29
251246700,29
251246710,29
251246721,29
251246731,29
251246742,29
251246752,29
251246763,29
251246773,29
251246783,29
251246793,29
251246803,29
251246813,29
251246823,29
251246833,29
251246843,29
251246853,29
251246864,29
251246874,29
251246885,29
251246896,29
251246906,29
251246916,29
251246926,29
251246937,29
251246947,29
251246957,29
251246967,29
251246977,29
251246987,29
251246999,29
251247009,29
251247020,29
251247031,29
251247041,29
251247051,29
251247061,29
251247071,29
251247081,29
251247091,29
251247101,29
251247111,29
251247121,29
251247131,29
251247141,29
251247151,29
251247161,29
251247172,29
251247182,29
251247193,29
251247203,29
251247213,29
251247223,29
251247233,29
251247243,29
251247253,29
251247264,29
251247274,29
251247285,29
251247295,29
251247305,29
251247316,29
251247326,29
251247336,29
251247347,29
251247357,29
251247368,29
251247378,29
251247388,29
251247398,29
251247409,29
251247419,29
251247430,29
251247440,29
251247450,29
251247460,29
251247470,29
251247481,29
251247491,29
251247502,29
251247512,29
251247522,29
251247532,29
251247542,29
251247552,29
251247563,29
251247573,29
251247584,29
251247594,29
251247605,29
251247615,29
251247626,29
251247636,29
251247646,29
251247656,29
251247667,29
251247677,29
251247688,29
251247698,29
251247708,29
251247718,29
251247729,29
251247739,29
251247749,30
251247760,30
251247770,30
251247780,30
251247791,30
251247802,30
251247812,30
251247823,30
251247833,30
251247843,30
251247853,30
251247863,30
251247873,30
251247884,30
251247894,30
251247904,30
251247914,30
251247924,31
251247934,31
251247944,31
251247955,31
251247966,31
251247976,31
251247987,31
251247997,31
251248007,31
251248017,31
251248027,31
251248037,31
251248047,31
251248057,31
251248067,31
251248078,31
251248088,31
251248098,31
251248108,31
251248119,31
251248129,31
251248140,31
251248150,31
251248160,31
251248170,31
251248180,31
251248190,31
251248200,31
251248211,31
251248221,31
251248231,31
251248241,31
251248252,31
251248262,31
251248272,31
251248282,31
251248292,31
251248302,31
251248312,31
251248322,31
251248333,31
251248343,31
251248354,31
251248364,31
251248374,31
251248385,31
251248395,31
251248405,31
251248416,31
251248427,31
251248437,31
251248447,31
251248457,31
251248467,31
251248477,31
251248487,31
251248497,31
251248508,31
251248518,31
251248528,31
251248538,31
251248549,31
251248559,31
251248569,31
251248579,31
251248589,31
251248600,31
251248610,31
251248621,31
251248631,31
251248642,31
251248652,31
251248662,31
251248672,31
251248683,31
251248693,31
251248703,31
251248713,31
251248723,31
251248734,31
251248744,31
251248755,31
251248765,31
251248775,31
251248785,31
251248796,31
251248806,31
251248817,31
251248827,31
251248837,31
251248847,31
251248857,31
251248867,31
251248877,31
251248888,31
251248898,31
251248908,31
251248919,31
251248930,31
251248941,31
251248951,31
251248962,31
251248972,31
251248983,31
251248994,31
251249004,31
251249014,31
251249025,32
251249035,32
251249046,32
251249057,32
251249067,32
251249077,32
251249087,32
251249098,32
251249108,32
251249119,32
251249130,32
251249140,32
251249150,32
251249160,32
251249170,32
251249180,32
251249190,32
251249200,32
251249211,32
251249221,32
251249231,33
251249241,33
251249251,33
251249262,33
251249272,33
251249282,33
251249292,33
251249302,33
251249312,33
251249322,33
251249332,33
251249342,33
251249352,33
251249362,33
251249372,33
251249383,33
251249393,33
251249403,33
251249414,33
251249424,33
251249434,33
251249444,33
251249454,33
251249464,33
251249474,33
251249484,33
251249494,33
251249504,33
251249514,33
251249524,33
251249535,33
251249545,33
251249555,33
251249565,33
251249575,33
251249585,33
251249596,33
251249607,33
251249617,33
251249628,33
251249638,33
251249649,33
251249659,33
251249670,33
251249681,33
251249691,33
251249701,33
251249711,33
251249721,33
251249731,33
251249742,33
251249752,33
251249762,33
251249772,33
251249783,33
251249793,33
251249803,33
251249813,33
251249823,33
251249834,33
251249844,33
251249856,33
251249866,33
251249876,33
251249886,33
251249896,33
251249906,33
251249916,33
251249926,33
251249936,33
251249947,33
251249957,33
251249967,33
251249978,33
251249988,33
251249998,33
251250008,33
251250018,33
251250028,34
251250038,34
251250049,34
251250059,34
251250069,34
251250079,34
251250089,34
251250099,34
251250109,34
251250119,34
251250129,34
251250139,34
251250149,34
251250159,34
251250170,34
251250180,34
251250190,34
251250200,34
251250211,34
251250221,34
251250232,34
251250242,34
251250252,34
251250262,34
251250272,34
251250282,34
251250292,34
251250302,34
251250312,34
251250322,34
251250332,34
251250342,34
251250352,34
251250363,34
251250373,34
251250384,34
251250394,34
251250404,34
251250414,34
251250424,34
251250434,34
251250444,34
251250454,34
251250464,34
251250474,34
251250484,34
251250494,34
251250504,34
251250514,34
251250525,34
251250535,34
251250546,34
251250556,34
251250567,34
251250577,34
251250588,35
251250598,35
251250609,35
251250620,35
251250630,35
251250640,35
251250651,35
251250661,35
251250672,35
251250683,35
251250693,35
251250703,35
251250714,35
251250724,36
251250734,36
251250744,36
251250755,36
251250766,36
251250776,36
251250787,36
251250797,36
251250807,36
251250817,36
251250828,36
251250838,36
251250848,36
251250858,37
251250869,37
251250879,37
251250889,37
251250899,37
251250909,37
251250919,37
251250929,37
251250940,37
251250951,37
251250961,37
251250971,37
251250981,37
251250991,37
251251001,37
251251011,37
251251022,37
251251033,37
251251043,37
251251053,37
251251063,37
251251073,37
251251083,37
251251093,37
251251103,37
251251114,37
251251124,37
251251134,37
251251145,37
251251155,37
251251165,37
251251175,37
251251186,37
251251196,37
251251206,37
251251216,37
251251226,37
251251236,37
251251246,38
251251256,38
251251266,38
251251276,38
251251287,38
251251297,38
251251308,38
251251318,38
251251329,38
251251339,38
251251349,38
251251359,38
251251369,38
251251379,38
251251389,38
251251399,38
251251409,38
251251419,38
251251429,38
251251440,38
251251450,38
251251460,38
251251470,38
251251480,38
251251490,38
251251501,38
251251511,38
251251522,38
251251532,38
251251543,38
251251553,38
251251564,38
251251574,38
251251585,38
251251595,38
251251605,38
251251615,38
251251625,38
251251635,38
251251645,38
251251655,38
251251666,38
251251676,38
251251687,38
251251697,39
251251707,39
251251718,39
251251728,39
251251738,39
251251748,39
251251758,40
251251768,40
251251778,40
251251788,40
251251798,40
251251808,40
251251818,40
251251828,40
251251839,40
251251849,40
251251859,40
251251869,40
251251879,40
251251889,40
251251899,40
251251910,40
251251920,40
251251931,40
251251942,40
251251952,40
251251962,40
251251972,40
251251983,40
251251993,40
251252003,40
251252013,40
251252024,40
251252034,40
251252044,40
251252055,40
251252065,40
251252076,40
251252086,40
251252096,40
251252106,40
251252117,40
251252127,40
251252137,40
251252147,40
251252157,40
251252167,40
251252177,40
251252187,40
251252197,40
251252207,40
251252218,40
251252228,40
251252238,40
251252248,40
251252258,40
251252269,40
251252279,40
251252289,40
251252299,40
251252309,40
251252320,40
251252330,40
251252341,40
251252351,40
251252361,40
251252371,40
251252381,40
251252392,40
251252402,40
251252413,40
251252423,40
251252433,40
251252444,40
251252454,40
251252464,40
251252474,40
251252484,40
251252494,40
251252504,40
251252514,40
251252524,40
251252535,40
251252545,40
251252555,40
251252566,40
251252576,40
251252587,40
251252597,40
251252607,41
251252617,41
251252627,41
251252638,41
251252648,41
251252658,41
251252668,41
251252678,41
251252688,41
251252698,41
251252708,41
251252719,41
251252729,41
251252740,41
251252751,41
251252761,41
251252771,41
251252782,41
251252792,41
251252802,41
251252812,41
251252822,41
251252832,41
251252843,41
251252853,41
251252863,41
251252873,41
251252883,41
251252893,41
251252903,41
251252913,41
251252923,41
251252933,41
251252943,41
251252953,42
251252963,42
251252974,42
251252984,42
251252994,42
251253005,42
251253015,42
251253025,42
251253035,42
251253045,42
251253055,42
251253065,42
251253075,42
251253085,42
251253095,42
251253105,42
251253115,42
251253126,42
251253136,42
251253146,42
251253156,42
251253167,42
251253177,42
251253187,42
251253197,42
251253207,42
251253218,42
251253228,42
251253239,42
251253249,42
251253260,42
251253270,42
251253280,42
251253290,42
251253300,42
251253310,42
251253320,42
251253330,42
251253340,42
251253350,42
251253360,42
251253370,42
251253380,42
251253390,42
251253400,42
251253410,42
251253421,42
251253432,42
251253443,42
251253453,42
251253463,42
251253473,42
251253484,42
251253494,42
251253504,42
251253514,42
251253524,42
251253534,42
251253544,42
251253554,42
251253564,42
251253575,42
251253585,42
251253595,42
251253605,42
251253616,42
251253626,42
251253636,42
251253646,42
251253656,42
251253667,42
251253677,42
251253688,42
251253698,42
251253709,42
251253719,42
251253729,42
251253739,42
251253749,42
251253760,42
251253770,42
251253781,42
251253792,42
251253802,42
251253812,42
251253822,42
251253832,42
251253842,42
251253853,42
251253863,42
251253873,43
251253883,43
251253893,43
251253903,43
251253913,43
251253923,43
251253933,43
251253943,43
251253954,43
251253965,43
251253976,43
251253986,43
251253996,43
251254006,43
251254016,43
251254026,43
251254036,43
251254046,43
251254056,43
251254067,43
251254077,43
251254088,43
251254098,43
251254109,43
251254119,43
251254129,43
251254139,43
251254149,43
251254159,43
251254169,43
251254179,43
251254190,43
251254201,43
251254212,43
251254223,43
251254233,43
251254243,43
251254253,43
251254263,43
251254274,43
251254284,43
251254294,43
251254304,43
251254315,43
251254325,43
251254336,43
251254346,43
251254356,43
251254366,44
251254377,44
251254387,44
251254397,44
251254407,44
251254417,44
251254427,44
251254437,44
251254447,44
251254457,44
251254468,44
251254478,44
251254488,44
251254498,44
251254508,44
251254518,44
251254528,44
251254538,44
251254548,44
251254558,44
251254568,44
251254578,44
251254588,44
251254598,44
251254608,44
251254618,44
251254629,44
251254639,44
251254649,44
251254660,44
251254670,44
251254680,44
251254690,44
251254700,44
251254710,44
251254721,44
251254732,44
251254742,44
251254752,44
251254762,44
251254772,44
251254782,44
251254792,44
251254802,44
251254812,44
251254823,44
251254833,44
251254843,44
251254853,44
251254864,44
251254874,44
251254884,45
251254894,45
251254904,45
251254914,45
251254924,45
251254935,45
251254945,45
251254955,45
251254965,45
251254975,45
251254985,45
251254995,45
251255005,45
251255015,45
251255026,45
251255036,45
251255046,45
251255056,45
251255066,45
251255076,45
251255087,45
251255097,45
251255107,45
251255117,45
251255127,45
251255138,45
251255148,45
251255158,45
251255168,45
251255178,45
251255188,45
251255198,45
251255209,45
251255220,46
251255230,46
251255240,46
251255250,46
251255260,46
251255270,46
251255281,46
251255292,46
251255302,47
251255312,47
251255322,47
251255332,47
251255342,47
251255352,47
251255362,47
251255372,47
251255382,47
251255392,47
251255402,47
251255413,47
251255423,47
251255433,47
251255444,47
251255454,47
251255464,47
251255475,47
251255485,47
251255496,47
251255506,47
251255517,47
251255527,48
251255537,48
251255547,48
251255557,48
251255567,48
251255577,48
251255588,48
251255598,48
251255608,48
251255619,48
251255629,48
251255640,48
251255650,48
251255660,48
251255670,48
251255680,48
251255691,48
251255701,48
251255712,48
251255722,48
251255732,48
251255742,48
251255753,48
251255763,48
251255773,48
251255784,48
251255794,48
251255804,48
251255814,48
251255824,48
251255834,48
251255845,48
251255855,48
251255865,48
251255875,48
251255886,48
251255896,48
251255906,48
251255916,48
251255926,48
251255936,48
251255947,48
251255957,48
251255967,48
251255977,48
251255988,48
251255998,48
251256009,48
251256020,48
251256030,48
251256040,48
251256051,48
251256061,48
251256071,48
251256081,48
251256091,48
251256101,48
251256112,48
251256122,48
251256132,48
251256142,48
251256152,48
251256162,48
251256172,48
251256182,48
251256192,48
251256203,48
251256213,49
251256223,49
251256233,49
251256243,50
251256253,50
251256263,50
251256274,50
251256284,50
251256294,50
251256304,50
251256315,50
251256325,50
251256336,50
251256346,50
251256356,50
251256366,50
251256376,50
251256386,50
251256397,50
251256407,50
251256417,50
251256427,50
251256437,50
251256447,50
251256457,50
251256467,50
251256477,50
251256487,50
251256497,50
251256508,50
251256518,50
251256529,50
251256539,50
251256550,50
251256560,50
251256570,50
251256580,50
251256590,50
251256600,50
251256610,50
251256620,50
251256630,50
251256640,50
251256650,50
251256660,50
251256670,50
251256680,50
251256690,50
251256701,50
251256712,50
251256722,50
251256732,50
251256742,50
251256752,50
251256762,50
251256772,50
251256782,50
251256792,50
251256803,50
251256814,50
251256824,50
251256834,50
251256844,50
251256855,50
251256865,50
251256876,50
251256886,50
251256897,50
251256907,50
251256917,50
251256927,50
251256937,50
251256947,50
251256957,50
251256967,50
251256977,50
251256988,50
251256998,50
251257009,50
251257019,50
251257029,50
251257040,51
251257050,51
251257060,51
251257070,51
251257080,51
251257090,51
251257100,51
251257110,51
251257121,51
251257131,51
251257141,51
251257152,51
251257162,51
251257172,51
251257183,51
251257193,51
251257203,51
251257214,51
251257224,51
251257235,51
251257245,51
251257255,51
251257266,51
251257276,51
251257287,51
251257297,51
251257307,51
251257318,51
251257328,51
251257339,51
251257349,51
251257359,51
251257369,51
251257379,51
251257389,51
251257399,51
251257410,51
251257421,51
251257431,51
251257441,51
251257452,51
251257462,51
251257473,51
251257483,51
251257493,51
251257504,51
251257514,51
251257524,51
251257534,51
251257544,51
251257555,51
251257565,51
251257575,51
251257585,51
251257595,51
251257605,51
251257616,51
251257626,51
251257637,51
251257647,51
251257657,51
251257667,51
251257677,51
251257688,51
251257698,51
251257709,51
251257719,51
251257730,51
251257740,51
251257750,51
251257760,51
251257770,51
251257781,51
251257791,51
251257801,51
251257811,51
251257821,51
251257831,51
251257842,51
251257852,51
251257862,51
251257872,51
251257882,51
251257892,51
251257903,51
251257913,51
251257924,51
251257935,51
251257946,51
251257957,51
251257968,51
251257978,51
251257988,51
251257998,51
251258008,51
251258019,51
251258029,51
251258039,51
251258050,51
251258060,51
251258070,51
251258080,51
251258091,51
251258101,51
251258112,51
251258122,51
251258132,51
251258143,51
251258153,51
251258164,51
251258174,51
251258184,51
251258194,51
251258204,51
251258215,51
251258225,51
251258235,51
251258245,52
251258255,52
251258266,52
251258276,52
251258286,52
251258296,52
251258306,52
251258316,52
251258326,52
251258337,52
251258347,52
251258358,52
251258369,52
251258379,52
251258389,52
251258400,52
251258410,52
251258421,52
251258431,52
251258441,52
251258451,52
251258461,52
251258472,52
251258482,52
251258493,52
251258505,52
251258515,52
251258526,52
251258536,52
251258547,52
251258557,52
251258568,52
251258578,52
251258589,52
251258599,52
251258610,52
251258620,52
251258631,52
251258641,52
251258652,52
251258662,52
251258672,52
251258683,52
251258693,52
251258703,52
251258713,52
251258723,52
251258733,52
251258743,52
251258753,52
251258764,52
251258774,52
251258784,52
251258794,52
251258805,52
251258816,52
251258826,52
251258837,52
251258847,52
251258858,52
251258868,52
251258878,52
251258888,52
251258898,52
251258908,52
251258918,52
251258929,52
251258939,52
251258949,52
251258959,52
251258969,52
251258981,52
251258991,52
251259001,52
251259011,52
251259021,52
251259031,52
251259041,52
251259051,52
251259061,52
251259071,52
251259081,52
251259091,52
251259102,52
251259112,52
251259123,52
251259133,52
251259144,52
251259154,52
251259165,52
251259175,52
251259186,52
251259196,52
251259206,52
251259216,52
251259226,52
251259236,52
251259246,52
251259256,52
251259266,52
251259276,52
251259286,52
251259296,52
251259306,52
251259316,52
251259326,52
251259336,52
251259346,52
251259356,52
251259366,52
251259377,52
251259387,52
251259397,52
251259407,52
251259417,52
251259427,52
251259437,52
251259448,52
251259458,52
251259469,52
251259479,52
251259490,52
251259500,52
251259511,52
251259521,52
251259532,52
251259542,52
251259552,52
251259562,52
251259573,52
251259583,52
251259593,52
251259603,52
251259613,52
251259623,52
251259633,52
251259644,52
251259655,52
251259666,52
251259676,52
251259687,52
251259697,52
251259707,52
251259717,52
251259727,52
251259738,52
251259748,52
251259758,52
251259768,52
251259778,52
251259788,52
251259799,52
251259809,52
251259819,52
251259830,52
251259841,52
251259851,52
251259861,52
251259871,52
251259881,52
251259891,52
251259901,52
251259911,52
251259921,52
251259931,52
251259941,52
251259951,52
251259961,52
251259971,52
251259981,52
251259991,52
251260001,52
251260012,52
251260022,52
251260033,52
251260043,52
251260053,52
251260063,52
251260073,52
251260084,52
251260094,52
251260104,52
251260114,52
251260124,52
251260134,52
251260144,52
251260154,52
251260164,52
251260174,52
251260185,52
251260195,52
251260205,52
251260215,52
251260226,52
251260236,52
251260246,52
251260257,52
251260267,52
251260277,52
251260287,52
251260297,53
251260307,53
251260318,53
251260328,53
251260339,53
251260349,53
251260360,53
251260370,53
251260380,53
251260391,53
251260401,53
251260411,53
251260421,53
251260431,53
251260441,53
251260451,53
251260461,53
251260471,53
251260481,53
251260491,53
251260501,53
251260512,53
251260522,53
251260533,53
251260543,53
251260553,53
251260563,53
251260573,53
251260584,53
251260594,53
251260604,53
251260614,53
251260624,53
251260634,53
251260644,53
251260655,53
251260665,53
251260676,53
251260686,53
251260697,53
251260707,53
251260717,53
251260727,53
251260737,53
251260748,53
251260758,54
251260768,54
251260779,54
251260789,54
251260799,54
251260809,54
251260819,54
251260829,55
251260839,55
251260849,55
251260860,56
251260870,56
251260880,56
251260890,56
251260900,56
251260910,56
251260920,56
251260930,56
251260940,56
251260950,56
251260960,56
251260971,56
251260981,56
251260991,56
251261001,56
251261011,56
251261022,56
251261032,56
251261043,56
251261053,56
251261064,56
251261074,56
251261085,56
251261095,56
251261105,56
251261116,56
251261126,56
251261137,56
251261147,56
251261157,56
251261167,56
251261177,56
251261188,56
251261198,56
251261209,56
251261219,56
251261229,56
251261239,56
251261249,56
251261259,56
251261270,56
251261281,56
251261292,56
251261302,56
251261312,56
251261322,56
251261332,56
251261343,56
251261353,56
251261363,56
251261373,56
251261383,56
251261393,56
251261403,56
251261413,56
251261424,56
251261434,56
251261444,56
251261454,56
251261464,56
251261474,56
251261485,56
251261495,56
251261505,56
251261515,56
251261525,56
251261535,56
251261545,56
251261555,56
251261565,56
251261575,56
251261585,56
251261596,56
251261606,56
251261616,56
251261626,56
251261637,56
251261647,56
251261657,56
251261668,56
251261678,56
251261688,56
251261698,56
251261708,56
251261718,56
251261728,56
251261739,56
251261750,56
251261760,56
251261771,56
251261781,56
251261792,56
251261802,56
251261812,56
251261822,56
251261832,56
251261842,56
251261852,56
251261862,56
251261873,56
251261883,56
251261894,56
251261904,56
251261914,56
251261924,56
251261934,56
251261944,56
251261954,56
251261964,56
251261975,56
251261985,56
251261996,56
251262007,56
251262018,56
251262028,56
251262039,56
251262050,56
251262060,56
251262071,56
251262081,56
251262091,56
251262101,56
251262112,56
251262122,56
251262132,56
251262142,56
251262152,56
251262163,56
251262173,56
251262184,56
251262194,56
251262204,56
251262214,56
251262224,56
251262234,56
251262245,56
251262255,56
251262266,56
251262276,56
251262287,56
251262297,56
251262307,56
251262317,56
251262328,56
251262338,56
251262348,56
251262359,56
251262369,56
251262379,56
251262389,56
251262400,56
251262410,56
251262420,56
251262430,56
251262441,56
251262451,56
251262461,56
251262471,56
251262481,56
251262491,56
251262501,56
251262512,56
251262522,56
251262533,56
251262543,56
251262553,56
251262564,56
251262574,56
251262584,56
251262594,56
251262604,56
251262614,56
251262625,56
251262635,56
251262645,56
251262655,56
251262665,56
251262675,56
251262686,56
251262696,56
251262706,56
251262716,56
251262726,56
251262736,56
251262746,56
251262756,56
251262766,56
251262776,56
251262787,56
251262799,56
251262809,56
251262819,56
251262829,56
251262840,56
251262850,56
251262860,56
251262870,56
251262880,56
251262890,56
251262900,56
251262911,56
251262921,56
251262932,56
251262942,56
251262953,56
251262963,56
251262974,56
251262984,56
251262994,56
251263004,56
251263015,56
251263025,56
251263035,56
251263045,56
251263055,56
251263065,56
251263075,56
251263085,56
251263096,56
251263106,56
251263116,56
251263126,56
251263137,56
251263147,56
251263158,56
251263168,56
251263179,56
251263189,56
251263200,56
251263210,56
251263221,56
251263231,56
251263241,56
251263251,56
251263261,56
251263271,56
251263281,56
251263292,56
251263302,56
251263312,56
251263323,56
251263333,56
251263344,56
251263354,56
251263364,56
251263374,56
251263384,56
251263394,56
251263404,56
251263415,56
251263425,56
251263435,56
251263446,56
251263456,56
251263466,56
251263476,56
251263487,57
251263497,57
251263507,57
251263518,57
251263528,57
251263538,57
251263549,57
251263559,57
251263570,57
251263580,57
251263590,57
251263601,57
251263611,57
251263622,57
251263632,57
251263643,57
251263653,57
251263664,57
251263674,57
251263685,57
251263695,57
251263705,57
251263716,57
251263726,57
251263737,57
251263747,57
251263759,58
251263769,58
251263780,58
251263790,58
251263800,58
251263810,58
251263820,58
251263831,58
251263841,58
251263851,58
251263861,58
251263871,58
251263881,58
251263891,58
251263901,58
251263912,58
251263922,58
251263933,58
251263943,58
251263953,58
251263963,58
251263973,58
251263983,58
251263993,58
251264003,58
251264013,58
251264023,58
251264033,58
251264044,58
251264054,58
251264065,58
251264075,58
251264086,58
251264096,58
251264107,58
251264117,58
251264128,58
251264138,58
251264149,58
251264160,58
251264170,58
251264181,58
251264191,58
251264202,58
251264212,58
251264223,58
251264233,58
251264243,58
251264254,58
251264264,58
251264274,58
251264284,58
251264294,58
251264304,58
251264314,58
251264324,58
251264335,58
251264345,58
251264355,58
251264365,58
251264375,58
251264385,58
251264395,58
251264405,58
251264416,58
251264426,58
251264436,58
251264446,58
251264457,58
251264467,58
251264477,58
251264487,58
251264497,58
251264508,58
251264518,58
251264528,58
251264539,58
251264549,58
251264559,58
251264569,58
251264580,58
251264590,58
251264600,58
251264611,58
251264621,58
251264632,58
251264642,58
251264653,58
251264663,58
251264674,58
251264684,58
251264694,59
251264705,59
251264715,59
251264726,59
251264736,59
251264746,59
251264756,59
251264766,59
251264776,59
251264786,59
251264796,59
251264807,59
251264817,59
251264827,60
251264838,60
251264849,60
251264860,60
251264870,60
251264881,60
251264891,60
251264902,60
251264912,60
251264922,60
251264932,60
251264942,60
251264953,60
251264964,60
251264974,60
251264985,60
251264995,60
251265005,60
251265015,60
251265025,60
251265035,61
251265045,61
251265055,61
251265065,61
251265075,61
251265085,61
251265096,61
251265106,61
251265116,61
251265126,61
251265136,61
251265147,61
251265157,61
251265168,61
251265178,61
251265188,61
251265198,61
251265208,61
251265218,61
251265229,61
251265239,61
251265249,61
251265259,61
251265269,61
251265280,61
251265290,61
251265300,61
251265310,61
251265320,61
251265330,61
251265341,61
251265351,61
251265362,61
251265372,61
251265382,61
251265392,62
251265402,62
251265412,62
251265423,62
251265433,62
251265444,62
251265454,62
251265464,62
251265475,62
251265485,62
251265495,62
251265505,62
251265517,62
251265527,62
251265538,62
251265548,62
251265558,62
251265568,62
251265578,62
251265588,62
251265599,62
251265609,62
251265619,62
251265629,62
251265640,62
251265650,62
251265661,63
251265671,63
251265681,63
251265692,63
251265702,63
251265712,63
251265722,63
251265732,63
251265742,63
251265752,63
251265762,63
251265773,63
251265783,63
251265794,63
251265804,63
251265814,63
251265824,63
251265834,63
251265844,63
251265854,63
251265865,63
251265875,63
251265885,63
251265896,63
251265907,63
251265917,63
251265928,63
251265939,63
251265949,63
251265959,63
251265969,63
251265979,63
251265990,63
251266001,63
251266011,63
251266022,63
251266032,63
251266043,63
251266053,63
251266064,63
251266074,63
251266085,63
251266095,63
251266105,63
251266115,63
251266125,63
251266135,63
251266145,63
251266155,63
251266165,63
251266175,63
251266186,63
251266196,63
251266206,63
251266216,63
251266226,63
251266236,63
251266247,63
251266257,63
251266268,63
251266278,63
251266288,63
251266298,63
251266308,63
251266318,63
251266328,63
251266338,63
251266348,63
251266358,63
251266368,63
251266379,63
251266389,63
251266399,63
251266409,63
251266419,63
251266429,63
251266439,63
251266449,63
251266460,63
251266470,63
251266480,64
251266490,64
251266500,64
251266510,64
251266520,64
251266530,64
251266540,64
251266550,64
251266560,64
251266570,64
251266580,64
251266590,64
251266601,65
251266611,65
251266622,65
251266632,65
251266642,65
251266652,65
251266662,65
251266672,66
251266682,66
251266693,66
251266703,66
251266713,66
251266723,66
251266733,66
251266744,66
251266755,66
251266765,66
251266776,66
251266786,66
251266796,66
251266807,66
251266817,66
251266828,66
251266838,66
251266848,66
251266858,66
251266868,66
251266878,66
251266888,66
251266899,66
251266909,66
251266919,66
251266930,66
251266940,66
251266951,66
251266961,66
251266972,66
251266982,66
251266992,66
251267003,66
251267013,66
251267024,66
251267034,66
251267045,66
251267055,66
251267066,66
251267076,66
251267086,66
251267096,66
251267106,66
251267117,66
251267127,66
251267138,66
251267148,66
251267159,66
251267169,66
251267180,66
251267190,66
251267200,66
251267210,66
251267220,66
251267230,66
251267240,66
251267251,66
251267261,66
251267271,66
251267281,66
251267291,66
251267301,66
251267311,66
251267322,66
251267332,66
251267343,66
251267353,66
251267364,66
251267374,66
251267385,66
251267395,66
251267405,66
251267415,66
251267425,66
251267435,66
251267445,66
251267455,66
251267465,66
251267475,66
251267485,66
251267495,66
251267505,66
251267516,66
251267526,66
251267536,66
251267546,66
251267556,66
251267566,66
251267576,66
251267586,66
251267596,66
251267607,66
251267617,66
251267627,66
251267637,66
251267647,66
251267658,66
251267668,66
251267678,66
251267688,66
251267698,66
251267708,66
251267718,66
251267729,66
251267739,66
251267749,66
251267759,66
251267769,67
251267779,67
251267789,67
251267799,67
251267809,67
251267819,67
251267830,67
251267840,67
251267850,67
251267860,67
251267870,67
251267880,67
251267890,67
251267901,67
251267911,67
251267921,67
251267931,67
251267941,67
251267951,67
251267961,67
251267972,67
251267982,67
251267992,67
251268003,67
251268013,67
251268023,67
251268033,67
251268043,67
251268053,67
251268064,67
251268074,67
251268084,67
251268095,67
251268105,67
251268116,67
251268126,67
251268137,67
251268147,67
251268158,67
251268168,67
251268179,67
251268189,67
251268200,67
251268210,67
251268220,67
251268230,67
251268240,67
251268250,67
251268261,67
251268271,67
251268281,67
251268291,67
251268301,67
251268311,67
251268321,67
251268331,67
251268341,67
251268351,67
251268362,67
251268372,67
251268382,67
251268392,67
251268402,67
251268412,67
251268422,67
251268432,67
251268442,67
251268452,67
251268462,67
251268472,67
251268483,67
251268493,67
251268503,67
251268513,67
251268523,67
251268533,67
251268543,67
251268553,67
251268564,67
251268574,67
251268584,67
251268594,67
251268605,67
251268615,67
251268626,67
251268636,67
251268646,67
251268656,67
251268667,67
251268677,67
251268688,67
251268698,67
251268709,67
251268719,67
251268730,67
251268740,68
251268751,68
251268761,68
251268772,68
251268783,68
251268793,68
251268803,68
251268813,68
251268823,68
251268833,68
251268843,68
251268853,68
251268863,68
251268874,68
251268884,68
251268894,68
251268904,68
251268914,68
251268924,68
251268934,68
251268944,68
251268954,68
251268965,68
251268975,68
251268986,68
251268996,68
251269006,68
251269016,68
251269027,68
251269037,68
251269048,68
251269058,68
251269068,68
251269078,68
251269088,68
251269098,68
251269109,68
251269119,68
251269129,68
251269139,68
251269149,68
251269159,68
251269169,68
251269179,68
251269190,68
251269200,68
251269211,68
251269221,68
251269231,68
251269242,68
251269252,68
251269262,68
251269272,68
251269282,68
251269292,68
251269302,68
251269312,68
251269323,69
251269334,70
251269344,70
251269355,70
251269365,70
251269375,70
251269386,70
251269396,70
251269406,70
251269416,70
251269426,70
251269436,70
251269447,70
251269457,70
251269467,70
251269477,70
251269487,70
251269497,70
251269507,70
251269517,70
251269527,70
251269537,70
251269548,71
251269558,71
251269568,71
251269579,71
251269589,71
251269600,71
251269610,71
251269621,71
251269631,71
251269642,71
251269653,71
251269663,71
251269673,71
251269683,71
251269693,71
251269703,71
251269713,71
251269723,71
251269733,71
251269744,71
251269754,71
251269765,71
251269775,71
251269785,71
251269795,71
251269805,71
251269815,71
251269825,71
251269836,71
251269846,71
251269858,71
251269868,71
251269879,71
251269889,71
251269899,71
251269909,71
251269919,71
251269930,72
251269940,72
251269950,72
251269960,72
251269971,72
251269981,72
251269992,72
251270002,72
251270012,72
251270022,72
251270032,72
251270042,72
251270053,72
251270064,72
251270075,72
251270085,72
251270095,72
251270105,72
251270115,72
251270126,72
251270136,72
251270146,72
251270157,72
251270167,72
251270178,72
251270188,72
251270199,72
251270209,72
251270220,72
251270230,72
251270241,72
251270251,72
251270262,72
251270272,72
251270283,72
251270293,72
251270303,72
251270313,72
251270324,72
251270334,72
251270345,72
251270355,72
251270365,72
251270376,72
251270386,72
251270397,72
251270407,72
251270418,72
251270428,72
251270439,72
251270449,72
251270460,72
251270470,72
251270480,72
251270491,72
251270501,72
251270511,72
251270522,72
251270532,72
251270543,72
251270553,72
251270563,72
251270573,72
251270583,72
251270593,72
251270603,72
251270614,72
251270624,72
251270634,72
251270644,72
251270654,72
251270664,72
251270674,72
251270684,72
251270695,72
251270705,72
251270716,72
251270726,72
251270737,72
251270747,72
251270758,72
251270768,72
251270778,72
251270788,72
251270798,72
251270808,72
251270818,72
251270828,72
251270838,72
251270848,72
251270858,72
251270868,72
251270878,72
251270888,72
251270899,72
251270909,72
251270919,72
251270929,73
251270939,73
251270950,73
251270960,73
251270970,73
251270981,73
251270992,73
251271002,73
251271013,73
251271023,73
251271034,73
251271044,73
251271054,73
251271064,73
251271074,73
251271084,74
251271094,74
251271104,74
251271114,74
251271125,74
251271135,74
251271145,74
251271155,74
251271165,74
251271175,74
251271185,74
251271195,74
251271205,74
251271216,74
251271226,74
251271237,74
251271248,74
251271259,74
251271269,74
251271279,74
251271289,74
251271299,74
251271309,74
251271319,74
251271330,74
251271341,74
251271351,74
251271361,74
251271371,74
251271381,74
251271391,74
251271401,74
251271411,74
251271421,74
251271432,74
251271443,74
251271453,74
251271463,74
251271473,74
251271483,74
251271493,74
251271503,74
251271514,74
251271524,74
251271534,74
251271545,74
251271556,74
251271566,74
251271576,74
251271586,74
251271596,74
251271606,74
251271616,74
251271626,74
251271637,74
251271647,74
251271657,74
251271667,74
251271678,74
251271688,74
251271698,74
251271708,74
251271718,74
251271729,74
251271739,74
251271750,74
251271760,74
251271771,74
251271781,74
251271791,74
251271801,74
251271811,74
251271821,74
251271831,74
251271841,74
251271851,74
251271861,74
251271872,74
251271883,74
251271893,74
251271903,74
251271913,74
251271923,74
251271933,74
251271943,74
251271954,74
251271965,74
251271975,74
251271986,74
251271997,74
251272008,74
251272018,75
251272028,75
251272038,75
251272048,75
251272058,75
251272068,75
251272078,75
251272088,75
251272098,75
251272109,75
251272119,75
251272129,75
251272140,75
251272150,75
251272160,75
251272170,75
251272181,75
251272191,75
251272201,75
251272211,75
251272221,75
251272232,75
251272242,75
251272252,75
251272262,75
251272273,75
251272283,75
251272293,76
251272303,76
251272313,76
251272324,76
251272334,76
251272344,76
251272354,76
251272364,76
251272374,76
251272385,76
251272395,76
251272405,76
251272415,76
251272425,76
251272435,76
251272445,76
251272455,76
251272466,76
251272476,76
251272487,76
251272497,76
251272507,76
251272517,76
251272527,77
251272537,77
251272547,77
251272557,77
251272567,77
251272577,77
251272587,77
251272597,77
251272608,77
251272618,77
251272628,77
251272639,77
251272650,77
251272660,77
251272670,77
251272680,77
251272690,77
251272700,77
251272710,77
251272721,77
251272731,77
251272742,77
251272752,77
251272763,77
251272773,77
251272783,77
251272793,77
251272803,77
251272814,77
251272824,77
251272834,77
251272845,77
251272855,77
251272865,77
251272875,77
251272886,77
251272897,77
251272907,77
251272917,77
251272928,77
251272938,77
251272949,77
251272959,77
251272969,77
251272980,77
251272990,77
251273001,77
251273012,77
251273022,77
251273033,77
251273043,77
251273053,77
251273064,77
251273074,77
251273085,77
251273095,77
251273105,77
251273115,77
251273125,77
251273135,77
251273145,77
251273155,77
251273165,77
251273175,77
251273186,77
251273196,77
251273206,77
251273216,77
251273226,77
251273236,77
251273246,77
251273256,77
251273266,77
251273276,77
251273286,77
251273296,77
251273306,77
251273317,77
251273327,77
251273337,77
251273347,77
251273357,77
251273367,77
251273377,77
251273387,77
251273397,77
251273407,77
251273417,77
251273427,77
251273437,77
251273448,77
251273458,77
251273469,77
251273479,77
251273490,77
251273500,77
251273510,77
251273520,77
251273530,77
251273540,77
251273550,77
251273560,77
251273570,77
251273581,77
251273591,77
251273602,77
251273612,77
251273623,77
251273633,77
251273644,77
251273654,77
251273664,77
251273675,77
251273687,77
251273697,77
251273708,77
251273718,77
251273728,77
251273738,77
251273749,77
251273760,77
251273770,77
251273781,77
251273791,77
251273801,77
251273811,77
251273821,77
251273832,77
251273842,77
251273852,77
251273862,77
251273872,77
251273882,77
251273893,78
251273903,78
251273913,78
251273923,78
251273933,78
251273944,78
251273954,78
251273964,78
251273974,78
251273984,78
251273994,78
251274004,78
251274014,78
251274025,78
251274035,78
251274045,78
251274055,78
251274066,78
251274076,78
251274087,78
251274097,78
251274108,78
251274118,78
251274128,78
251274138,78
251274148,78
251274158,78
251274168,78
251274179,78
251274189,78
251274199,78
251274210,78
251274220,78
251274230,78
251274240,78
251274251,78
251274261,78
251274271,78
251274281,78
251274292,78
251274303,78
251274313,78
251274323,78
251274333,78
251274344,78
251274355,78
251274366,78
251274376,78
251274386,78
251274396,78
251274407,78
251274417,78
251274427,78
251274438,78
251274448,78
251274459,78
251274469,78
251274480,78
251274490,78
251274501,78
251274512,78
251274522,78
251274532,78
251274542,78
251274552,78
251274562,78
251274572,78
251274582,78
251274592,79
251274602,79
251274612,79
251274622,79
251274632,79
251274643,79
251274653,79
251274663,79
251274673,79
251274683,79
251274693,79
251274703,79
251274713,79
251274723,79
251274733,79
251274743,79
251274753,79
251274764,79
251274774,79
251274784,79
251274794,79
251274804,79
251274814,79
251274824,79
251274835,79
251274846,79
251274856,79
251274866,79
251274876,79
251274886,79
251274896,79
251274906,79
251274916,79
251274926,79
251274936,79
251274946,79
251274956,79
251274966,79
251274976,79
251274987,79
251274997,79
251275008,79
251275018,79
251275028,79
251275038,79
251275048,79
251275059,79
251275069,79
251275079,79
251275089,79
251275099,79
251275110,79
251275120,79
251275130,79
251275140,79
251275150,79
251275160,79
251275171,79
251275181,79
251275192,79
251275202,79
251275213,79
251275223,79
251275233,79
251275243,79
251275253,79
251275263,79
251275273,79
251275283,79
251275293,79
251275303,79
251275313,79
251275323,79
251275333,79
251275345,79
251275355,79
251275365,79
251275375,79
251275385,79
251275396,79
251275407,79
251275417,79
251275427,79
251275437,79
251275447,79
251275457,79
251275467,79
251275477,79
251275487,79
251275497,79
251275507,79
251275517,79
251275527,79
251275537,79
251275547,79
251275557,79
251275567,79
251275577,79
251275588,79
251275598,79
251275608,79
251275618,79
251275628,79
251275638,79
251275648,79
251275659,79
251275669,79
251275680,79
251275690,79
251275701,79
251275711,79
251275721,79
251275732,79
251275742,79
251275753,79
251275763,79
251275774,79
251275784,79
251275795,79
251275805,79
251275815,79
251275825,79
251275835,79
251275845,79
251275855,79
251275865,79
251275876,79
251275886,79
251275896,79
251275906,79
251275916,79
251275926,79
251275936,79
251275946,79
251275956,79
251275966,79
251275977,79
251275987,79
251275997,79
251276007,79
251276018,79
251276029,79
251276039,79
251276050,79
251276060,79
251276070,79
251276080,79
251276091,79
251276101,79
251276112,79
251276122,79
251276132,79
251276143,79
251276153,79
251276163,79
251276173,79
251276183,79
251276193,79
251276203,79
251276214,79
251276224,79
251276234,79
251276244,79
251276254,79
251276264,79
251276274,79
251276284,79
251276294,79
251276304,79
251276314,79
251276325,79
251276335,79
251276345,79
251276355,79
251276366,79
251276376,79
251276387,79
251276397,79
251276408,79
251276419,79
251276429,79
251276439,79
251276449,79
251276459,79
251276469,79
251276479,79
251276489,79
251276499,79
251276509,79
251276519,79
251276529,79
251276539,79
251276549,79
251276560,79
251276570,79
251276580,79
251276590,79
251276600,79
251276610,79
251276620,79
251276630,79
251276641,79
251276651,79
251276661,79
251276671,79
251276682,79
251276692,80
251276702,80
251276712,80
251276723,80
251276733,80
251276744,80
251276755,80
251276766,81
251276776,81
251276786,81
251276797,81
251276807,81
251276817,81
251276827,81
251276837,81
251276847,81
251276857,81
251276867,81
251276877,81
251276887,81
251276897,81
251276907,81
251276917,81
251276928,81
251276938,81
251276949,81
251276959,81
251276970,81
251276980,81
251276990,81
251277000,81
251277010,81
251277021,81
251277031,81
251277042,81
251277052,81
251277062,81
251277072,81
251277082,81
251277093,81
251277103,81
251277114,81
251277124,81
251277135,81
251277145,81
251277155,81
251277165,81
251277176,81
251277186,81
251277197,81
251277207,81
251277217,81
251277227,81
251277237,81
251277247,81
251277257,81
251277267,81
251277278,81
251277288,81
251277298,81
251277309,81
251277320,81
251277330,81
251277340,81
251277350,81
251277360,81
251277370,81
251277381,81
251277391,81
251277401,81
251277412,81
251277422,81
251277433,81
251277443,81
251277453,81
251277463,81
251277473,81
251277484,81
251277494,81
251277504,81
251277515,81
251277525,81
251277535,81
251277545,81
251277555,81
251277565,81
251277575,81
251277585,81
251277596,81
251277607,81
251277617,81
251277628,81
251277638,81
251277648,81
251277658,81
251277668,82
251277679,82
251277689,82
251277699,82
251277709,82
251277720,83
251277730,83
251277740,83
251277750,83
251277760,83
251277770,83
251277780,83
251277790,83
251277801,83
251277811,83
251277821,83
251277832,83
251277842,83
251277853,83
251277864,83
251277874,83
251277884,83
251277894,83
251277904,83
251277914,83
251277925,83
251277935,83
251277946,83
251277956,83
251277966,83
251277978,83
251277988,83
251277998,83
251278008,83
251278018,83
251278028,83
251278038,83
251278048,83
251278058,83
251278068,83
251278078,83
251278089,83
251278099,83
251278110,83
251278120,84
251278130,84
251278140,84
251278150,84
251278160,84
251278171,84
251278181,84
251278192,84
251278203,84
251278213,84
251278224,84
251278234,84
251278244,84
251278254,84
251278264,84
251278275,84
251278285,84
251278295,84
251278305,84
251278315,84
251278325,84
251278335,84
251278345,84
251278355,84
251278365,84
251278375,84
251278385,84
251278395,84
251278405,84
251278416,84
251278426,84
251278436,84
251278446,84
251278456,84
251278466,84
251278476,84
251278486,84
251278497,84
251278508,84
251278518,84
251278528,84
251278538,84
251278549,84
251278559,84
251278569,84
251278579,84
251278589,84
251278600,84
251278610,84
251278621,84
251278631,84
251278641,84
251278651,84
251278662,84
251278672,84
251278682,84
251278692,84
251278702,84
251278712,84
251278722,84
251278732,84
251278743,84
251278753,84
251278764,84
251278774,84
251278784,84
251278794,84
251278804,84
251278814,84
251278824,84
251278834,84
251278845,84
251278855,84
251278867,84
251278877,84
251278888,84
251278898,84
251278909,84
251278919,84
251278930,84
251278941,84
251278952,84
251278962,84
251278972,84
251278983,84
251278993,84
251279004,84
251279014,84
251279025,84
251279035,84
251279046,84
251279056,84
251279067,84
251279077,84
251279087,84
251279097,84
251279107,84
251279117,84
251279127,84
251279138,84
251279148,84
251279158,84
251279168,84
251279179,84
251279189,84
251279200,84
251279210,84
251279220,84
251279230,84
251279240,84
251279250,84
251279261,84
251279271,84
251279282,84
251279292,84
251279303,84
251279313,84
251279324,84
251279334,84
251279344,84
251279354,84
251279364,84
251279375,84
251279385,84
251279395,84
251279405,84
251279415,84
251279425,84
251279435,84
251279445,84
251279455,84
251279466,84
251279476,84
251279486,84
251279496,84
251279506,84
251279516,84
251279527,84
251279537,84
251279548,85
251279558,85
251279568,85
251279579,85
251279589,85
251279600,85
251279610,85
251279620,85
251279631,85
251279641,85
251279652,85
251279662,85
251279673,85
251279683,85
251279693,85
251279703,85
251279713,85
251279724,85
251279734,85
251279745,85
251279755,85
251279766,85
251279776,85
251279786,85
251279796,85
251279806,85
251279816,85
251279826,85
251279837,85
251279847,85
251279857,85
251279867,85
251279877,85
251279887,85
251279897,85
251279907,85
251279917,85
251279927,85
251279937,85
251279948,85
251279958,85
251279968,85
251279978,85
251279988,85
251279998,85
251280008,85
251280018,85
251280028,85
251280039,85
251280049,85
251280059,85
251280070,85
251280080,85
251280091,85
251280101,85
251280111,85
251280122,85
251280134,85
251280144,85
251280155,85
251280165,85
251280176,85
251280186,85
251280196,85
251280206,85
251280216,85
251280226,85
251280236,85
251280247,85
251280257,85
251280269,85
251280279,85
251280289,85
251280299,85
251280309,85
251280319,85
251280329,85
251280339,85
251280349,85
251280360,85
251280370,85
251280380,85
251280390,85
251280400,85
251280410,85
251280420,85
251280430,85
251280440,85
251280450,85
251280460,85
251280470,85
251280480,85
251280490,85
251280500,85
251280511,85
251280521,85
251280532,85
251280542,85
251280553,85
251280564,85
251280574,85
251280585,85
251280595,85
251280605,85
251280616,85
251280626,85
251280637,85
251280647,85
251280658,85
251280668,85
251280678,85
251280688,85
251280698,85
251280709,85
251280719,85
251280729,85
251280739,85
251280749,85
251280759,85
251280769,85
251280779,85
251280790,85
251280800,85
251280810,85
251280820,85
251280831,85
251280841,85
251280851,85
251280861,85
251280871,85
251280881,85
251280891,85
251280901,85
251280911,85
251280921,85
251280932,85
251280942,85
251280952,85
251280962,85
251280972,85
251280982,85
251280992,85
251281002,85
251281012,85
251281023,85
251281033,85
251281044,85
251281054,85
251281065,85
251281075,85
251281085,85
251281095,85
251281105,85
251281115,85
251281125,85
251281135,85
251281145,85
251281155,85
251281166,85
251281176,85
251281187,85
251281197,85
251281208,85
251281219,85
251281229,85
251281239,85
251281249,85
251281259,85
251281269,85
251281280,85
251281290,85
251281301,85
251281311,85
251281322,85
251281332,85
251281343,85
251281353,85
251281363,85
251281373,85
251281383,85
251281393,85
251281403,85
251281413,85
251281423,85
251281433,85
251281443,85
251281453,85
251281464,85
251281475,85
251281485,85
251281496,85
251281506,85
251281516,85
251281526,85
251281536,85
251281547,85
251281557,85
251281568,85
251281578,85
251281588,85
251281598,85
251281608,85
251281619,85
251281629,85
251281640,85
251281650,85
251281661,86
251281671,86
251281681,86
251281691,86
251281701,86
251281711,86
251281721,86
251281732,86
251281742,86
251281753,86
251281763,86
251281774,86
251281784,86
251281794,86
251281805,86
251281815,86
251281826,86
251281837,86
251281848,86
251281859,86
251281869,86
251281880,86
251281891,86
251281901,86
251281911,86
251281921,86
251281931,86
251281941,86
251281951,86
251281961,86
251281971,86
251281981,86
251281991,86
251282001,86
251282011,86
251282021,86
251282031,86
251282042,86
251282052,86
251282062,86
251282072,86
251282082,86
251282092,86
251282103,86
251282113,86
251282124,86
251282134,86
251282145,86
251282155,86
251282166,86
251282176,86
251282186,86
251282196,86
251282206,86
251282216,86
251282226,86
251282236,86
251282246,86
251282256,86
251282267,86
251282277,86
251282288,86
251282298,86
251282309,86
251282319,86
251282330,86
251282340,86
251282350,86
251282360,86
251282371,86
251282381,86
251282391,86
251282401,86
251282411,86
251282421,86
251282432,86
251282442,86
251282453,86
251282463,86
251282473,86
251282483,86
251282494,86
251282504,86
251282514,86
251282524,86
251282535,86
251282545,86
251282555,86
251282565,86
251282575,86
251282586,86
251282596,86
251282607,86
251282617,86
251282628,86
251282638,87
251282648,87
251282658,87
251282668,87
251282678,87
251282688,87
251282699,87
251282709,87
251282719,87
251282729,87
251282739,87
251282749,87
251282759,87
251282770,87
251282780,87
251282791,87
251282801,87
251282811,87
251282821,87
251282831,87
251282841,87
251282851,87
251282861,87
251282872,87
251282882,87
251282892,87
251282902,87
251282912,87
251282923,87
251282933,87
251282943,87
251282953,87
251282964,87
251282975,87
251282985,87
251282995,87
251283005,87
251283016,87
251283027,87
251283037,87
251283048,87
251283058,87
251283068,87
251283078,87
251283088,87
251283099,87
251283109,87
251283119,87
251283129,87
251283139,87
251283149,87
251283159,87
251283169,87
251283180,87
251283190,87
251283200,87
251283211,87
251283221,87
251283232,87
251283242,87
251283253,87
251283263,87
251283273,87
251283284,87
251283294,87
251283305,87
251283315,87
251283326,87
251283336,87
251283347,87
251283357,87
251283368,87
251283378,87
251283389,87
251283400,87
251283410,87
251283421,87
251283431,87
251283441,87
251283451,87
251283462,87
251283472,87
251283482,87
251283492,87
251283502,87
251283512,87
251283522,87
251283532,87
251283542,87
251283552,87
251283562,87
251283572,87
251283582,87
251283593,87
251283603,87
251283614,87
251283624,87
251283635,87
251283645,87
251283655,87
251283665,87
251283676,87
251283686,87
251283696,87
251283707,87
251283717,87
251283727,87
251283737,87
251283747,87
251283758,87
251283768,87
251283778,87
251283788,88
251283798,88
251283808,88
251283818,88
251283828,88
251283838,88
251283848,88
251283858,88
251283868,88
251283878,88
251283888,88
251283898,88
251283909,88
251283919,88
251283929,88
251283939,88
251283950,88
251283960,88
251283971,88
251283981,88
251283991,88
251284002,88
251284012,88
251284023,88
251284033,89
251284043,89
251284054,89
251284064,89
251284074,89
251284084,89
251284095,89
251284105,89
251284115,89
251284125,89
251284135,89
251284145,89
251284155,89
251284166,89
251284176,89
251284186,89
251284196,89
251284206,89
251284216,89
251284226,89
251284236,89
251284246,89
251284256,89
251284267,89
251284277,89
251284288,89
251284298,89
251284308,89
251284318,89
251284330,89
251284340,89
251284350,89
251284360,89
251284370,89
251284381,89
251284391,89
251284402,89
251284412,89
251284422,89
251284432,89
251284442,89
251284452,89
251284462,89
251284473,89
251284483,89
251284493,89
251284503,89
251284513,89
251284524,89
251284535,89
251284545,89
251284555,89
251284565,89
251284575,89
251284585,89
251284596,89
251284606,89
251284616,89
251284626,89
251284637,89
251284647,89
251284657,89
251284667,89
251284677,89
251284687,89
251284697,89
251284707,89
251284717,89
251284727,89
251284737,89
251284747,89
251284758,89
251284768,89
251284779,89
251284789,89
251284799,89
251284810,89
251284820,89
251284830,89
251284840,89
251284850,89
251284860,89
251284870,89
251284880,89
251284890,89
251284900,89
251284911,89
251284921,89
251284932,89
251284942,89
251284953,89
251284963,89
251284974,89
251284984,89
251284994,89
251285004,89
251285014,89
251285025,89
251285035,89
251285046,89
251285056,89
251285067,89
251285077,89
251285087,89
251285097,89
251285107,89
251285118,89
251285129,89
251285139,89
251285150,89
251285161,89
251285171,89
251285182,89
251285192,89
251285203,89
251285213,89
251285223,89
251285233,89
251285243,89
251285254,89
251285264,89
251285275,89
251285285,89
251285296,89
251285307,89
251285317,89
251285327,89
251285338,89
251285349,89
251285359,89
251285370,89
251285380,89
251285390,89
251285400,89
251285410,89
251285420,89
251285430,89
251285440,89
251285451,89
251285462,89
251285472,89
251285482,89
251285492,89
251285502,89
251285512,89
251285522,89
251285532,89
251285543,89
251285553,89
251285564,89
251285574,89
251285584,89
251285594,89
251285604,89
251285615,89
251285625,89
251285636,89
251285646,89
251285656,89
251285666,89
251285676,89
251285687,89
251285697,89
251285707,89
251285717,89
251285727,89
251285737,89
251285747,89
251285757,89
251285768,89
251285778,89
251285788,89
251285799,89
251285809,89
251285819,89
251285830,89
251285841,89
251285851,89
251285861,89
251285872,89
251285882,89
251285892,89
251285902,89
251285913,89
251285924,89
251285934,89
251285945,89
251285956,89
251285966,89
251285976,89
251285987,89
251285997,89
251286007,89
251286018,89
251286028,89
251286039,89
251286049,89
251286060,89
251286070,89
251286081,89
251286091,89
251286101,89
251286111,89
251286122,89
251286132,89
251286142,89
251286152,89
251286163,89
251286173,91
251286184,91
251286194,91
251286204,91
251286214,91
251286224,91
251286235,91
251286245,91
251286255,91
251286265,91
251286275,92
251286285,92
251286296,92
251286306,92
251286316,92
251286326,92
251286336,92
251286346,92
251286356,92
251286366,92
251286376,92
251286386,92
251286396,92
251286406,92
251286417,92
251286427,92
251286437,92
251286447,92
251286457,92
251286468,92
251286478,92
251286488,92
251286499,92
251286509,92
251286520,92
251286530,92
251286541,92
251286551,92
251286562,92
251286572,92
251286582,92
251286592,92
251286602,92
251286612,92
251286622,92
251286632,92
251286642,92
251286653,92
251286663,92
251286674,92
251286685,93
251286695,93
251286705,94
251286716,94
251286726,94
251286736,94
251286746,94
251286756,94
251286766,94
251286776,94
251286786,94
251286796,94
251286806,94
251286817,94
251286827,94
251286838,94
251286848,94
251286858,94
251286868,94
251286878,94
251286888,94
251286899,94
251286909,94
251286920,94
251286930,94
251286940,94
251286950,94
251286961,94
251286971,94
251286982,94
251286992,94
251287002,94
251287012,94
251287022,94
251287032,94
251287042,94
251287052,94
251287062,94
251287072,94
251287082,94
251287092,94
251287103,94
251287113,94
251287123,94
251287134,94
251287144,94
251287155,94
251287165,94
251287176,94
251287186,94
251287196,94
251287206,94
251287216,94
251287226,94
251287236,94
251287247,94
251287257,94
251287268,94
251287278,94
251287288,94
251287299,94
251287309,94
251287320,94
251287330,94
251287341,94
251287351,94
251287361,94
251287371,94
251287382,94
251287392,94
251287403,94
251287413,94
251287423,94
251287433,94
251287443,94
251287454,94
251287464,94
251287475,94
251287485,94
251287496,94
251287506,94
251287516,94
251287527,94
251287537,94
251287547,94
251287557,94
251287567,94
251287578,94
251287588,94
251287598,94
251287608,94
251287618,94
251287628,94
251287639,94
251287649,94
251287660,94
251287670,94
251287681,94
251287691,94
251287702,94
251287712,94
251287722,94
251287732,94
251287742,94
251287752,94
251287762,94
251287772,94
251287783,94
251287793,94
251287804,94
251287814,94
251287824,94
251287835,94
251287845,94
251287855,94
251287865,94
251287875,94
251287885,94
251287896,94
251287906,94
251287916,94
251287926,94
251287936,94
251287946,94
251287956,94
251287966,94
251287976,94
251287987,94
251287997,94
251288008,94
251288019,94
251288029,94
251288039,94
251288049,94
251288059,94
251288069,94
251288079,94
251288089,94
251288099,94
251288110,94
251288120,94
251288131,94
251288141,94
251288152,94
251288162,94
251288173,94
251288184,94
251288194,94
251288204,94
251288214,94
251288224,94
251288234,94
251288244,94
251288255,94
251288266,94
251288276,94
251288287,94
251288298,94
251288308,94
251288318,94
251288328,94
251288338,94
251288348,94
251288358,94
251288369,94
251288379,94
251288389,94
251288399,94
251288409,94
251288420,94
251288430,94
251288440,94
251288452,94
251288462,94
251288473,94
251288483,94
251288494,94
251288504,94
251288514,94
251288524,94
251288535,94
251288546,94
251288556,94
251288566,94
251288576,94
251288587,94
251288597,94
251288607,94
251288617,94
251288628,94
251288638,94
251288648,94
251288658,94
251288668,94
251288678,94
251288688,94
251288699,94
251288709,94
251288719,94
251288729,94
251288740,94
251288750,94
251288760,94
251288770,94
251288780,94
251288790,94
251288800,94
251288810,94
251288820,94
251288830,94
251288840,94
251288850,94
251288860,94
251288870,94
251288881,94
251288891,94
251288902,94
251288912,94
251288923,94
251288933,94
251288944,94
251288954,94
251288964,94
251288975,94
251288985,94
251288995,94
251289005,94
251289015,94
251289025,94
251289035,94
251289046,94
251289056,94
251289067,94
251289077,94
251289088,94
251289098,94
251289108,94
251289118,94
251289128,94
251289138,94
251289149,94
251289159,94
251289170,94
251289180,94
251289190,94
251289200,94
251289211,94
251289221,94
251289232,94
251289242,94
251289252,94
251289263,94
251289273,94
251289283,94
251289293,94
251289303,94
251289313,94
251289323,94
251289333,94
251289343,94
251289353,94
251289364,94
251289374,94
251289385,94
251289395,94
251289405,94
251289416,94
251289426,94
251289437,94
251289447,94
251289457,94
251289467,94
251289477,94
251289487,94
251289497,94
251289507,94
251289517,94
251289527,94
251289537,94
251289548,94
251289558,94
251289568,94
251289578,94
251289588,94
251289599,94
251289609,94
251289619,94
251289629,94
251289639,94
251289649,94
251289660,94
251289670,94
251289680,94
251289690,94
251289700,94
251289710,94
251289720,94
251289730,94
251289740,94
251289750,94
251289760,94
251289770,94
251289781,94
251289791,94
251289802,94
251289812,94
251289823,94
251289833,94
251289844,94
251289854,94
251289864,94
251289874,94
251289884,94
251289894,94
251289905,94
251289915,94
251289925,94
251289935,94
251289945,94
251289955,94
251289965,94
251289976,94
251289986,94
251289997,94
251290007,94
251290017,94
251290027,94
251290037,94
251290048,94
251290058,94
251290068,94
251290078,95
251290088,95
251290098,95
251290108,95
251290119,95
251290129,95
251290140,95
251290150,95
251290160,95
251290171,95
251290181,95
251290192,95
251290202,95
251290213,95
251290223,95
251290233,95
251290243,95
251290253,95
251290263,95
251290273,95
251290283,95
251290294,95
251290306,96
251290316,96
251290327,96
251290337,96
251290348,96
251290359,96
251290369,96
251290379,96
251290389,96
251290399,96
251290409,96
251290419,96
251290429,96
251290439,96
251290449,96
251290459,96
251290469,96
251290480,97
251290490,97
251290500,97
251290511,97
251290522,97
251290532,97
251290542,97
251290552,97
251290562,97
251290573,97
251290583,97
251290594,97
251290604,97
251290614,97
251290624,98
251290634,98
251290645,98
251290655,99
251290665,99
251290675,99
251290685,99
251290696,99
251290706,99
251290716,99
251290726,99
251290736,99
251290746,99
251290757,99
251290767,99
251290777,99
251290787,99
251290798,99
251290808,99
251290818,100
251290828,100
251290838,100
251290848,100
251290858,100
251290868,100
251290878,100
251290888,100
251290898,100
251290908,100
251290918,100
251290928,100
251290939,100
251290949,100
251290960,100
251290970,100
251290980,100
251290990,100
251291001,100
251291011,100
251291022,100
251291032,100
251291043,100
251291053,100
251291064,100
251291074,100
251291085,100
251291095,100
251291105,100
251291116,100
251291126,100
251291137,100
251291147,100
251291157,100
251291167,100
251291177,100
251291187,100
251291197,100
251291208,100
251291218,100
251291229,100
251291239,100
251291250,100
251291261,100
251291271,100
251291281,100
251291292,100
251291302,100
251291312,100
251291323,100
251291333,100
251291343,100
251291353,100
251291363,100
251291373,100
251291383,100
251291394,100
251291404,100
251291414,100
251291424,101
251291434,101
251291445,101
251291455,101
251291465,101
251291476,101
251291486,101
251291497,101
251291507,101
251291517,101
251291527,101
251291537,101
251291547,101
251291557,101
251291567,101
251291578,101
251291588,101
251291598,101
251291609,101
251291619,101
251291630,101
251291640,101
251291650,101
251291660,101
251291670,101
251291680,101
251291690,101
251291700,101
251291710,101
251291720,101
251291730,101
251291740,101
251291751,101
251291761,101
251291772,101
251291782,101
251291792,101
251291802,101
251291812,101
251291822,101
251291832,101
251291843,101
251291853,101
251291863,101
251291873,101
251291883,101
251291893,101
251291903,101
251291913,101
251291924,101
251291934,101
251291945,101
251291955,101
251291966,101
251291976,101
251291986,101
251291996,101
251292006,101
251292016,101
