250033799,0
250033810,0
250033820,0
250033830,0
250033840,0
250033851,0
250033861,0
250033871,0
250033881,0
250033891,0
250033901,0
250033911,0
250033921,0
250033931,0
250033941,0
250033952,0
250033962,0
250033972,0
250033982,0
250033992,0
250034003,0
250034013,0
250034023,0
250034034,0
250034044,0
250034055,0
250034066,0
250034076,0
250034086,0
250034096,0
250034106,0
250034117,0
250034127,0
250034137,0
250034147,0
250034158,0
250034168,0
250034179,0
250034189,0
250034200,0
250034210,0
250034222,0
250034232,0
250034242,0
250034252,0
250034262,0
250034272,0
250034282,0
250034293,0
250034303,0
250034313,0
250034324,0
250034334,0
250034344,0
250034355,0
250034365,0
250034375,0
250034385,0
250034395,0
250034405,0
250034415,0
250034425,1
250034435,1
250034446,2
250034456,2
250034466,2
250034476,2
250034486,2
250034496,2
250034506,2
250034516,2
250034526,2
250034536,2
250034546,2
250034556,2
250034566,2
250034576,2
250034587,2
250034597,2
250034608,2
250034618,2
250034628,2
250034639,2
250034649,2
250034659,2
250034669,2
250034680,2
250034690,2
250034700,2
250034710,2
250034720,2
250034730,2
250034740,2
250034750,2
250034760,2
250034770,2
250034780,2
250034790,2
250034800,2
250034811,2
250034822,2
250034832,2
250034842,2
250034852,2
250034862,2
250034872,2
250034882,2
250034893,2
250034903,2
250034913,2
250034923,2
250034934,2
250034944,2
250034954,2
250034964,2
250034975,2
250034985,2
250034995,2
250035005,2
250035016,2
250035026,2
250035036,2
250035046,2
250035056,2
250035068,2
250035078,2
250035088,2
250035098,2
250035108,2
250035118,2
250035129,2
250035139,2
250035149,2
250035159,2
250035169,2
250035179,2
250035189,2
250035199,2
250035209,2
250035219,2
250035229,2
250035239,2
250035249,2
250035260,2
250035270,2
250035281,2
250035292,2
250035302,2
250035312,2
250035323,2
250035333,2
250035343,2
250035354,2
250035364,2
250035374,2
250035384,2
250035394,2
250035404,2
250035414,3
250035424,3
250035435,3
250035445,3
250035455,3
250035465,3
250035475,3
250035485,3
250035496,3
250035507,3
250035518,3
250035528,3
250035538,3
250035548,3
250035558,3
250035568,3
250035579,3
250035589,3
250035599,3
250035609,3
250035619,3
250035630,3
250035641,3
250035651,3
250035661,3
250035671,3
250035682,3
250035692,3
250035703,3
250035714,3
250035724,3
250035734,3
250035744,3
250035755,3
250035765,3
250035775,3
250035785,3
250035795,3
250035805,3
250035815,3
250035825,3
250035835,3
250035845,3
250035855,3
250035866,3
250035876,3
250035886,3
250035896,3
250035906,3
250035916,3
250035926,3
250035936,3
250035947,3
250035957,4
250035967,4
250035977,4
250035987,4
250035997,4
250036007,4
250036017,4
250036027,4
250036037,4
250036047,4
250036057,4
250036068,4
250036078,4
250036089,4
250036100,4
250036110,4
250036120,4
250036130,4
250036140,4
250036150,4
250036160,4
250036171,4
250036182,4
250036192,4
250036203,4
250036213,4
250036223,4
250036233,4
250036243,4
250036253,4
250036263,4
250036273,4
250036284,5
250036294,5
250036304,5
250036314,5
250036324,5
250036334,5
250036344,5
250036354,5
250036364,5
250036375,5
250036385,5
250036396,5
250036406,5
250036417,5
250036427,5
250036438,5
250036448,5
250036459,5
250036469,5
250036479,5
250036489,5
250036499,5
250036509,5
250036519,6
250036529,6
250036539,6
250036549,6
250036559,6
250036569,6
250036579,6
250036590,6
250036601,6
250036611,6
250036621,6
250036631,6
250036641,6
250036652,6
250036662,6
250036673,6
250036683,6
250036693,6
250036703,6
250036714,6
250036724,6
250036735,6
250036745,6
250036756,6
250036766,6
250036776,6
250036786,6
250036796,6
250036806,6
250036816,6
250036826,6
250036836,6
250036846,6
250036856,6
250036866,6
250036876,6
250036886,6
250036897,6
250036907,6
250036918,6
250036928,6
250036939,6
250036949,6
250036959,6
250036969,6
250036979,6
250036989,6
250036999,6
250037009,6
250037019,6
250037029,6
250037040,6
250037050,6
250037060,6
250037071,6
250037081,6
250037092,6
250037102,6
250037113,6
250037123,6
250037133,6
250037143,6
250037153,6
250037164,6
250037174,6
250037184,6
250037194,6
250037204,6
250037214,6
250037224,6
250037235,6
250037245,6
250037255,6
250037266,6
250037276,6
250037286,6
250037296,6
250037306,6
250037316,6
250037326,6
250037336,6
250037346,6
250037356,6
250037366,6
250037376,6
250037386,6
250037397,6
250037407,6
250037418,6
250037428,6
250037439,6
250037449,6
250037460,6
250037470,6
250037480,6
250037490,6
250037500,6
250037510,6
250037520,6
250037530,6
250037541,6
250037551,6
250037561,6
250037571,6
250037581,6
250037591,6
250037602,6
250037612,6
250037622,6
250037632,6
250037643,6
250037653,6
250037664,6
250037674,6
250037684,6
250037694,6
250037705,6
250037716,6
250037726,6
250037737,6
250037747,6
250037758,6
250037768,6
250037778,6
250037788,6
250037798,6
250037808,6
250037818,6
250037828,6
250037839,6
250037849,6
250037859,6
250037870,6
250037880,6
250037890,6
250037900,6
250037910,6
250037920,6
250037931,6
250037941,6
250037951,6
250037962,6
250037972,6
250037983,6
250037993,6
250038004,6
250038014,6
250038025,6
250038036,6
250038046,6
250038057,6
250038067,6
250038077,6
250038088,6
250038098,6
250038108,6
250038118,6
250038129,6
250038139,6
250038150,6
250038160,6
250038170,6
250038180,6
250038190,6
250038200,6
250038211,6
250038221,6
250038231,6
250038241,6
250038251,6
250038262,6
250038272,6
250038283,6
250038293,6
250038303,6
250038313,6
250038324,6
250038334,6
250038345,6
250038355,6
250038365,6
250038375,6
250038385,6
250038395,6
250038405,6
250038415,6
250038425,6
250038435,6
250038446,6
250038456,6
250038467,6
250038477,6
250038487,6
250038497,6
250038507,6
250038518,6
250038528,6
250038539,6
250038550,6
250038560,6
250038570,6
250038580,6
250038590,6
250038600,6
250038610,6
250038620,6
250038630,6
250038640,6
250038650,6
250038661,6
250038671,6
250038681,6
250038691,6
250038701,6
250038711,6
250038722,6
250038732,6
250038743,6
250038753,6
250038764,6
250038774,6
250038784,6
250038794,6
250038805,6
250038815,6
250038826,6
250038836,6
250038846,6
250038857,6
250038867,6
250038877,6
250038888,6
250038898,6
250038908,6
250038918,6
250038928,6
250038938,6
250038949,6
250038959,6
250038970,6
250038980,6
250038990,6
250039000,6
250039011,6
250039022,6
250039032,6
250039042,6
250039053,6
250039064,6
250039074,6
250039085,6
250039095,6
250039105,6
250039115,6
250039126,6
250039136,6
250039147,6
250039157,6
250039167,6
250039177,6
250039187,6
250039197,6
250039208,6
250039218,6
250039228,6
250039238,6
250039248,6
250039259,6
250039269,6
250039279,6
250039289,6
250039300,6
250039311,6
250039321,6
250039332,6
250039342,6
250039352,6
250039362,6
250039372,6
250039382,6
250039392,6
250039402,6
250039413,6
250039423,6
250039433,6
250039443,6
250039453,6
250039463,6
250039473,6
250039483,6
250039493,7
250039503,7
250039514,7
250039524,7
250039534,7
250039544,7
250039555,7
250039565,7
250039575,7
250039586,7
250039596,8
250039606,8
250039616,8
250039626,8
250039636,8
250039646,8
250039656,8
250039666,8
250039676,8
250039686,8
250039696,8
250039707,8
250039718,8
250039728,8
250039738,8
250039748,8
250039759,8
250039769,8
250039780,8
250039790,8
250039800,8
250039810,8
250039820,8
250039830,8
250039840,8
250039851,8
250039861,8
250039871,8
250039881,8
250039892,8
250039903,8
250039914,8
250039924,8
250039934,8
250039944,8
250039954,8
250039965,8
250039975,8
250039986,8
250039996,8
250040006,8
250040016,8
250040026,8
250040036,8
250040046,8
250040056,8
250040067,8
250040077,8
250040087,8
250040097,8
250040107,8
250040118,8
250040128,8
250040139,8
250040149,8
250040160,8
250040170,8
250040181,8
250040191,8
250040201,8
250040211,8
250040222,8
250040232,8
250040243,8
250040253,8
250040263,8
250040274,8
250040284,8
250040294,8
250040304,8
250040315,8
250040325,8
250040335,8
250040345,8
250040355,8
250040365,8
250040376,8
250040386,8
250040397,8
250040407,8
250040418,8
250040428,8
250040438,8
250040448,8
250040458,8
250040468,8
250040478,8
250040489,8
250040499,8
250040509,8
250040519,8
250040529,8
250040540,8
250040550,8
250040560,8
250040570,8
250040580,8
250040590,8
250040600,8
250040610,8
250040620,8
250040630,8
250040640,8
250040651,8
250040661,8
250040671,8
250040681,8
250040692,8
250040702,8
250040713,8
250040723,8
250040733,8
250040743,8
250040753,8
250040764,8
250040774,8
250040784,8
250040794,8
250040804,8
250040814,8
250040824,8
250040835,8
250040845,8
250040855,8
250040865,8
250040875,8
250040885,8
250040895,8
250040905,8
250040916,8
250040926,8
250040936,8
250040946,8
250040956,8
250040967,8
250040977,8
250040987,8
250040997,8
250041008,8
250041018,8
250041028,8
250041039,8
250041049,8
250041059,8
250041069,8
250041079,8
250041089,8
250041100,8
250041110,8
250041120,8
250041130,8
250041141,8
250041151,8
250041161,8
250041171,8
250041181,8
250041191,8
250041201,8
250041212,8
250041222,8
250041233,8
250041243,8
250041254,8
250041264,8
250041276,8
250041287,8
250041297,8
250041307,8
250041318,8
250041328,8
250041338,8
250041348,8
250041358,8
250041368,8
250041379,8
250041390,8
250041401,8
250041411,8
250041421,8
250041431,8
250041441,8
250041452,8
250041462,8
250041472,8
250041482,8
250041492,8
250041502,8
250041512,8
250041522,8
250041532,8
250041543,8
250041553,8
250041564,8
250041574,8
250041584,8
250041594,9
250041605,9
250041616,9
250041626,9
250041636,9
250041646,9
250041656,9
250041666,9
250041676,9
250041686,9
250041697,9
250041707,9
250041717,9
250041727,9
250041737,9
250041747,9
250041757,9
250041768,9
250041778,9
250041788,9
250041798,10
250041808,10
250041818,10
250041829,10
250041839,10
250041849,10
250041859,10
250041869,10
250041879,10
250041889,10
250041899,10
250041909,10
250041920,10
250041930,10
250041941,10
250041951,10
250041961,10
250041971,10
250041981,10
250041991,10
250042001,10
250042012,10
250042022,10
250042032,10
250042042,10
250042053,10
250042064,10
250042074,10
250042084,10
250042095,10
250042105,10
250042116,10
250042127,10
250042137,10
250042147,10
250042157,10
250042167,10
250042177,10
250042187,10
250042197,10
250042208,10
250042218,10
250042229,10
250042239,10
250042249,10
250042259,10
250042269,10
250042279,10
250042289,10
250042300,11
250042310,11
250042320,11
250042331,11
250042341,11
250042351,11
250042361,11
250042371,11
250042381,11
250042392,11
250042402,11
250042413,11
250042423,11
250042434,11
250042444,11
250042455,11
250042465,11
250042475,11
250042485,11
250042495,11
250042505,11
250042515,11
250042527,11
250042537,11
250042548,11
250042558,11
250042568,11
250042578,11
250042588,11
250042598,11
250042608,11
250042618,11
250042628,11
250042638,11
250042648,11
250042659,11
250042669,11
250042679,11
250042689,11
250042699,11
250042709,11
250042719,11
250042729,11
250042739,11
250042749,11
250042759,11
250042770,11
250042780,11
250042790,11
250042800,11
250042811,11
250042821,11
250042832,11
250042842,11
250042853,11
250042863,11
250042873,11
250042883,11
250042893,11
250042903,11
250042913,11
250042923,11
250042933,11
250042944,11
250042954,11
250042965,11
250042975,11
250042985,11
250042995,11
250043005,11
250043016,11
250043026,11
250043036,11
250043046,11
250043056,11
250043066,11
250043076,11
250043086,11
250043096,11
250043107,11
250043117,11
250043127,11
250043138,11
250043148,11
250043158,11
250043168,11
250043179,11
250043189,12
250043199,12
250043209,12
250043219,12
250043229,12
250043239,12
250043250,12
250043260,12
250043270,12
250043281,12
250043292,12
250043302,12
250043312,12
250043322,12
250043332,12
250043342,12
250043352,12
250043362,12
250043372,12
250043382,12
250043392,12
250043403,12
250043413,12
250043424,12
250043434,12
250043444,12
250043454,12
250043464,12
250043474,12
250043484,12
250043494,12
250043504,12
250043514,12
250043524,12
250043534,12
250043544,12
250043555,12
250043566,12
250043576,12
250043587,12
250043597,12
250043607,12
250043618,12
250043629,12
250043639,12
250043649,12
250043659,12
250043669,12
250043679,12
250043690,12
250043700,12
250043711,12
250043721,12
250043732,12
250043742,12
250043753,12
250043763,12
250043773,12
250043784,12
250043794,12
250043804,12
250043814,12
250043824,12
250043834,12
250043844,12
250043854,12
250043865,12
250043875,12
250043886,12
250043897,12
250043907,12
250043917,12
250043927,12
250043938,12
250043948,12
250043959,12
250043969,12
250043980,12
250043990,12
250044000,12
250044010,12
250044022,13
250044032,13
250044042,13
250044053,13
250044064,13
250044074,13
250044085,13
250044096,13
250044106,13
250044116,13
250044126,13
250044136,13
250044147,13
250044157,13
250044168,13
250044178,13
250044188,13
250044198,13
250044208,13
250044218,13
250044228,13
250044238,13
250044248,13
250044258,13
250044268,13
250044278,13
250044288,13
250044298,13
250044309,13
250044319,13
250044329,13
250044340,13
250044350,13
250044360,13
250044370,13
250044381,13
250044391,13
250044401,13
250044411,13
250044421,13
250044431,13
250044441,13
250044451,13
250044461,13
250044471,13
250044482,13
250044492,13
250044502,13
250044512,13
250044522,13
250044532,13
250044542,13
250044552,13
250044563,13
250044573,13
250044584,13
250044594,13
250044605,13
250044615,13
250044625,13
250044635,13
250044645,13
250044655,13
250044665,13
250044675,13
250044685,13
250044696,13
250044707,13
250044717,13
250044727,13
250044738,13
250044748,13
250044759,13
250044769,13
250044780,13
250044790,13
250044801,13
250044811,13
250044821,13
250044832,13
250044842,13
250044853,13
250044863,13
250044874,13
250044884,13
250044894,13
250044904,13
250044914,13
250044924,13
250044934,13
250044944,13
250044954,13
250044964,13
250044974,13
250044985,13
250044996,13
250045007,13
250045017,13
250045028,13
250045038,13
250045049,13
250045060,13
250045070,13
250045081,13
250045091,13
250045101,13
250045111,13
250045121,13
250045131,13
250045141,13
250045151,13
250045162,13
250045172,13
250045183,13
250045193,13
250045203,13
250045214,13
250045224,13
250045234,13
250045244,13
250045254,13
250045265,13
250045275,13
250045286,13
250045296,13
250045306,13
250045317,13
250045327,13
250045338,13
250045348,13
250045358,13
250045368,13
250045378,13
250045389,13
250045399,13
250045409,13
250045419,13
250045430,13
250045440,13
250045451,13
250045461,13
250045471,13
250045481,13
250045492,13
250045502,13
250045512,13
250045522,13
250045532,13
250045542,13
250045552,13
250045564,13
250045574,13
250045585,13
250045595,13
250045605,13
250045615,13
250045626,13
250045636,13
250045646,13
250045656,13
250045666,13
250045676,13
250045686,13
250045696,13
250045707,13
250045717,13
250045727,13
250045737,13
250045747,13
250045758,13
250045768,13
250045778,13
250045789,13
250045800,13
250045810,13
250045820,13
250045830,13
250045840,13
250045850,13
250045861,13
250045871,13
250045882,13
250045892,13
250045903,13
250045913,13
250045923,13
250045933,13
250045943,13
250045953,13
250045964,13
250045974,13
250045985,13
250045996,13
250046006,13
250046016,13
250046026,13
250046037,13
250046047,13
250046057,13
250046068,13
250046078,13
250046089,13
250046100,13
250046110,13
250046120,13
250046131,13
250046141,13
250046152,13
250046162,13
250046173,13
250046183,13
250046193,13
250046204,13
250046214,13
250046225,13
250046235,14
250046246,14
250046256,14
250046266,14
250046276,14
250046286,14
250046296,14
250046307,14
250046317,14
250046328,14
250046338,14
250046348,14
250046358,14
250046369,14
250046380,14
250046391,14
250046401,14
250046411,14
250046421,14
250046431,14
250046442,14
250046452,14
250046462,14
250046472,14
250046482,14
250046492,14
250046502,14
250046512,14
250046523,14
250046534,14
250046544,14
250046554,14
250046564,14
250046574,14
250046584,14
250046594,14
250046604,14
250046614,14
250046624,14
250046634,15
250046644,15
250046654,15
250046664,15
250046674,15
250046684,15
250046694,15
250046704,15
250046714,15
250046725,15
250046735,15
250046746,15
250046756,15
250046767,15
250046778,15
250046788,15
250046798,15
250046808,16
250046818,16
250046828,16
250046838,16
250046848,16
250046859,16
250046869,16
250046880,16
250046891,16
250046901,16
250046911,17
250046921,17
250046931,17
250046942,17
250046952,17
250046963,17
250046973,17
250046984,17
250046994,17
250047004,17
250047014,17
250047024,17
250047035,17
250047045,17
250047055,17
250047065,17
250047075,17
250047086,17
250047096,17
250047108,17
250047118,17
250047128,18
250047138,18
250047149,18
250047160,18
250047170,18
250047180,18
250047191,18
250047201,18
250047212,18
250047222,18
250047232,18
250047242,18
250047252,18
250047263,18
250047273,18
250047283,18
250047293,18
250047303,18
250047313,18
250047323,18
250047334,18
250047344,18
250047355,18
250047365,18
250047375,18
250047385,18
250047395,18
250047405,18
250047415,18
250047425,19
250047435,19
250047445,19
250047455,19
250047465,19
250047475,19
250047485,19
250047496,19
250047507,19
250047517,19
250047527,19
250047537,19
250047547,19
250047557,19
250047568,19
250047578,19
250047588,19
250047598,19
250047609,19
250047619,19
250047629,19
250047639,19
250047649,19
250047660,19
250047670,19
250047681,19
250047691,19
250047701,19
250047711,19
250047722,19
250047732,19
250047742,19
250047753,19
250047763,19
250047773,19
250047784,19
250047794,19
250047804,19
250047814,19
250047824,19
250047834,19
250047845,19
250047855,19
250047865,19
250047875,19
250047885,19
250047896,19
250047906,19
250047916,19
250047926,19
250047937,19
250047947,19
250047957,19
250047967,19
250047977,19
250047988,19
250047998,19
250048008,19
250048019,19
250048029,19
250048040,19
250048050,19
250048060,19
250048071,19
250048082,19
250048092,19
250048102,19
250048112,19
250048122,19
250048132,19
250048142,19
250048152,19
250048162,19
250048172,19
250048182,19
250048192,19
250048202,19
250048213,19
250048223,19
250048233,19
250048244,19
250048254,19
250048265,19
250048275,19
250048286,19
250048296,19
250048306,19
250048316,19
250048326,19
250048336,19
250048347,19
250048357,19
250048367,19
250048377,19
250048387,19
250048397,19
250048408,19
250048418,19
250048429,19
250048439,19
250048449,19
250048459,19
250048469,19
250048479,19
250048490,19
250048500,19
250048510,19
250048520,19
250048531,19
250048542,19
250048552,19
250048562,19
250048572,19
250048582,19
250048592,19
250048602,19
250048612,19
250048622,19
250048632,19
250048642,19
250048653,19
250048663,19
250048674,19
250048684,19
250048695,19
250048706,19
250048716,19
250048726,19
250048737,19
250048747,19
250048758,19
250048768,19
250048779,19
250048789,19
250048800,19
250048811,19
250048821,19
250048832,19
250048842,19
250048853,19
250048863,19
250048874,19
250048884,19
250048895,19
250048905,19
250048915,19
250048925,19
250048935,19
250048946,19
250048957,19
250048968,19
250048978,19
250048989,19
250048999,19
250049009,19
250049019,19
250049029,19
250049040,19
250049050,19
250049060,19
250049070,19
250049080,19
250049091,19
250049101,19
250049111,19
250049121,19
250049131,19
250049141,19
250049152,19
250049162,19
250049172,19
250049182,19
250049192,19
250049202,19
250049212,19
250049222,19
250049232,19
250049243,19
250049253,19
250049264,19
250049274,19
250049285,19
250049296,19
250049306,19
250049316,19
250049327,19
250049337,19
250049348,19
250049358,19
250049368,19
250049378,19
250049389,19
250049399,19
250049409,19
250049419,19
250049429,19
250049439,19
250049449,19
250049460,19
250049470,19
250049481,19
250049491,19
250049501,19
250049511,19
250049521,19
250049532,19
250049542,19
250049552,19
250049562,19
250049573,19
250049583,19
250049593,19
250049604,19
250049614,19
250049624,19
250049635,19
250049645,19
250049655,19
250049665,19
250049675,19
250049685,19
250049695,19
250049705,19
250049715,19
250049726,19
250049736,19
250049746,19
250049756,19
250049766,19
250049776,19
250049786,19
250049796,19
250049806,19
250049816,19
250049826,19
250049836,19
250049847,19
250049857,19
250049867,19
250049878,19
250049888,19
250049899,19
250049909,19
250049920,19
250049930,19
250049940,19
250049950,19
250049960,19
250049970,19
250049980,19
250049991,19
250050001,19
250050011,19
250050021,19
250050031,19
250050041,19
250050051,19
250050062,19
250050072,19
250050082,19
250050093,19
250050103,19
250050113,19
250050124,19
250050134,19
250050145,19
250050155,19
250050165,19
250050175,19
250050185,20
250050195,20
250050205,20
250050216,20
250050226,20
250050236,20
250050247,20
250050257,20
250050268,20
250050279,20
250050289,20
250050299,20
250050309,20
250050319,20
250050330,20
250050341,20
250050351,20
250050361,20
250050371,20
250050381,20
250050392,20
250050402,20
250050412,20
250050422,20
250050432,20
250050442,20
250050452,20
250050463,20
250050473,20
250050483,20
250050494,20
250050504,20
250050514,20
250050524,20
250050534,20
250050544,20
250050555,20
250050565,20
250050575,20
250050585,20
250050595,20
250050605,20
250050615,20
250050625,20
250050635,20
250050645,20
250050655,20
250050666,20
250050676,20
250050686,20
250050696,20
250050706,20
250050716,20
250050726,20
250050736,20
250050746,20
250050757,20
250050767,20
250050778,20
250050788,20
250050798,20
250050808,20
250050818,20
250050828,20
250050838,20
250050848,20
250050858,20
250050869,20
250050880,20
250050890,20
250050901,20
250050911,20
250050922,20
250050932,20
250050942,20
250050953,20
250050963,20
250050973,20
250050983,20
250050994,20
250051004,20
250051015,20
250051025,20
250051035,20
250051045,20
250051055,20
250051066,20
250051076,20
250051087,20
250051097,20
250051108,20
250051119,20
250051129,20
250051140,20
250051150,20
250051160,20
250051171,20
250051181,20
250051191,20
250051201,20
250051212,20
250051222,20
250051233,20
250051243,20
250051254,20
250051264,20
250051275,20
250051285,20
250051295,20
250051305,20
250051315,20
250051325,20
250051336,20
250051347,20
250051357,20
250051367,20
250051377,20
250051387,20
250051397,20
250051407,20
250051418,20
250051428,20
250051439,20
250051449,20
250051459,20
250051470,20
250051480,20
250051490,20
250051500,20
250051511,20
250051521,20
250051531,20
250051541,20
250051551,20
250051561,20
250051571,20
250051582,20
250051592,20
250051602,20
250051612,20
250051622,20
250051632,20
250051642,20
250051653,20
250051663,20
250051674,20
250051684,20
250051695,20
250051705,20
250051716,20
250051726,20
250051736,20
250051746,20
250051756,20
250051766,20
250051777,20
250051787,20
250051798,20
250051808,20
250051819,20
250051829,20
250051840,20
250051850,20
250051861,20
250051871,20
250051882,20
250051893,20
250051903,20
250051914,20
250051924,20
250051935,20
250051945,20
250051955,20
250051965,20
250051975,20
250051985,20
250051996,20
250052006,20
250052016,20
250052026,20
250052036,20
250052046,20
250052056,20
250052067,20
250052077,20
250052088,20
250052098,20
250052108,20
250052118,20
250052128,20
250052138,21
250052148,21
250052158,21
250052168,21
250052178,21
250052188,21
250052198,21
250052209,21
250052220,21
250052230,21
250052241,21
250052251,21
250052262,21
250052272,21
250052283,21
250052293,21
250052303,21
250052313,21
250052323,21
250052333,21
250052343,21
250052353,21
250052363,21
250052374,21
250052384,21
250052394,21
250052405,21
250052415,21
250052425,21
250052435,21
250052445,21
250052455,21
250052466,21
250052476,21
250052486,21
250052496,21
250052506,21
250052516,21
250052526,21
250052537,21
250052548,21
250052558,21
250052569,21
250052579,21
250052590,21
250052600,21
250052611,21
250052621,21
250052631,21
250052641,21
250052651,21
250052661,21
250052671,21
250052681,21
250052691,21
250052701,21
250052711,21
250052721,21
250052732,21
250052742,21
250052753,21
250052764,21
250052774,21
250052784,21
250052794,21
250052804,21
250052814,21
250052824,21
250052834,21
250052844,21
250052855,21
250052865,21
250052875,21
250052885,21
250052895,21
250052905,21
250052915,21
250052925,21
250052935,21
250052945,21
250052955,21
250052966,21
250052976,21
250052987,21
250052997,21
250053007,21
250053018,21
250053028,21
250053039,21
250053049,21
250053059,21
250053069,21
250053080,21
250053090,22
250053100,22
250053110,22
250053120,22
250053130,22
250053140,22
250053150,22
250053160,22
250053170,22
250053181,22
250053191,22
250053202,22
250053212,22
250053222,22
250053232,22
250053243,22
250053253,22
250053263,22
250053273,22
250053283,22
250053293,22
250053303,22
250053313,22
250053323,22
250053333,22
250053343,22
250053353,22
250053364,22
250053375,22
250053385,22
250053395,22
250053405,22
250053415,22
250053425,22
250053435,22
250053445,22
250053455,22
250053465,23
250053475,23
250053485,23
250053496,23
250053507,23
250053517,23
250053527,23
250053537,23
250053547,23
250053557,23
250053568,23
250053578,23
250053589,23
250053599,23
250053609,23
250053619,23
250053630,23
250053640,23
250053650,23
250053661,23
250053672,23
250053682,23
250053692,23
250053703,23
250053713,23
250053724,23
250053734,23
250053745,23
250053755,23
250053766,23
250053776,23
250053786,23
250053796,23
250053806,23
250053817,23
250053827,23
250053838,23
250053848,23
250053858,23
250053868,23
250053879,23
250053889,23
250053900,23
250053910,23
250053921,23
250053932,23
250053942,23
250053952,23
250053962,23
250053972,23
250053983,23
250053993,23
250054003,23
250054013,23
250054023,23
250054033,24
250054043,24
250054053,24
250054063,24
250054074,24
250054084,24
250054094,24
250054104,24
250054114,24
250054124,24
250054134,24
250054144,24
250054155,25
250054165,25
250054176,25
250054186,25
250054196,25
250054206,25
250054216,25
250054226,25
250054236,25
250054247,25
250054257,25
250054267,25
250054277,26
250054288,26
250054298,26
250054308,27
250054318,27
250054328,27
250054338,27
250054348,27
250054358,27
250054368,27
250054378,27
250054388,28
250054399,28
250054409,28
250054420,28
250054430,28
250054440,28
250054450,28
250054460,28
250054470,28
250054480,28
250054490,28
250054500,28
250054510,28
250054520,28
250054530,28
250054540,28
250054550,28
250054560,28
250054571,28
250054581,28
250054591,28
250054601,28
250054611,28
250054621,28
250054631,28
250054641,28
250054652,28
250054662,28
250054673,28
250054683,28
250054694,28
250054704,28
250054714,28
250054725,28
250054735,28
250054746,28
250054756,28
250054766,28
250054776,28
250054786,28
250054796,28
250054806,28
250054816,28
250054826,28
250054836,28
250054846,28
250054856,28
250054867,28
250054877,28
250054888,28
250054898,28
250054909,28
250054919,28
250054930,28
250054940,28
250054951,28
250054961,28
250054971,28
250054981,28
250054991,28
250055001,28
250055012,28
250055022,28
250055033,28
250055043,28
250055053,28
250055063,28
250055073,28
250055083,28
250055093,28
250055103,28
250055114,28
250055124,28
250055136,28
250055146,28
250055156,28
250055167,28
250055177,28
250055187,28
250055197,28
250055207,28
250055218,28
250055228,28
250055239,28
250055249,28
250055259,28
250055269,28
250055279,28
250055289,28
250055299,28
250055310,28
250055320,28
250055330,28
250055340,28
250055350,28
250055361,28
250055371,28
250055382,28
250055392,28
250055402,28
250055413,28
250055423,28
250055433,28
250055443,28
250055453,28
250055464,28
250055474,28
250055484,28
250055494,28
250055504,28
250055514,28
250055524,28
250055535,28
250055545,28
250055555,28
250055565,28
250055575,28
250055585,29
250055596,29
250055606,29
250055617,29
250055627,29
250055637,29
250055647,29
250055657,29
250055668,29
250055678,29
250055689,29
250055699,29
250055710,29
250055720,29
250055730,29
250055741,29
250055751,29
250055761,29
250055771,29
250055781,29
250055792,29
250055802,29
250055813,29
250055823,29
250055833,29
250055843,29
250055853,29
250055863,29
250055873,29
250055883,29
250055893,29
250055903,29
250055913,29
250055923,29
250055933,29
250055943,29
250055954,29
250055964,29
250055974,29
250055984,30
250055994,30
250056004,30
250056014,30
250056024,30
250056035,30
250056046,30
250056056,30
250056066,30
250056076,30
250056086,30
250056097,30
250056107,30
250056118,30
250056128,30
250056138,30
250056148,30
250056159,30
250056169,30
250056179,30
250056190,30
250056200,30
250056211,30
250056221,30
250056232,30
250056242,30
250056252,30
250056262,30
250056272,30
250056283,30
250056293,30
250056303,30
250056313,30
250056323,30
250056334,30
250056344,30
250056355,30
250056365,30
250056375,30
250056386,30
250056396,30
250056407,30
250056418,30
250056428,30
250056438,30
250056448,30
250056458,30
250056468,30
250056479,30
250056489,30
250056499,30
250056509,30
250056519,30
250056529,30
250056539,30
250056549,30
250056559,30
250056569,30
250056580,30
250056591,30
250056601,30
250056611,30
250056621,30
250056632,30
250056642,30
250056653,30
250056663,30
250056674,30
250056684,30
250056695,30
250056705,30
250056715,30
250056726,31
250056736,31
250056747,31
250056757,31
250056767,31
250056777,31
250056787,31
250056798,31
250056808,31
250056819,31
250056829,31
250056840,31
250056850,31
250056860,31
250056871,31
250056881,31
250056892,31
250056902,31
250056912,31
250056922,31
250056932,31
250056942,31
250056952,31
250056962,31
250056972,31
250056982,31
250056992,31
250057003,31
250057013,31
250057023,31
250057034,31
250057044,31
250057055,31
250057065,31
250057075,31
250057085,31
250057095,31
250057105,31
250057115,31
250057125,31
250057136,31
250057146,31
250057156,31
250057166,31
250057176,31
250057186,31
250057196,31
250057206,31
250057217,31
250057227,31
250057237,31
250057247,31
250057257,31
250057268,31
250057278,31
250057289,31
250057299,31
250057309,31
250057319,31
250057329,31
250057340,31
250057350,31
250057360,31
250057370,31
250057380,31
250057390,31
250057400,31
250057410,31
250057420,31
250057430,31
250057440,31
250057451,31
250057462,31
250057472,31
250057483,31
250057493,31
250057503,31
250057513,31
250057523,31
250057533,31
250057543,31
250057553,31
250057563,31
250057573,31
250057583,31
250057594,31
250057604,31
250057614,31
250057625,31
250057635,31
250057646,31
250057656,31
250057666,31
250057676,31
250057687,31
250057697,31
250057707,31
250057717,31
250057727,31
250057738,31
250057748,31
250057758,31
250057768,31
250057778,31
250057789,31
250057799,31
250057810,31
250057820,31
250057830,31
250057840,31
250057851,31
250057861,31
250057871,31
250057881,31
250057891,31
250057901,31
250057912,31
250057922,31
250057932,31
250057943,31
250057953,31
250057963,31
250057973,31
250057983,31
250057993,31
250058003,31
250058013,31
250058024,31
250058035,31
250058045,31
250058055,31
250058066,31
250058076,31
250058087,31
250058097,31
250058108,31
250058119,31
250058129,31
250058139,31
250058149,31
250058159,31
250058169,31
250058179,31
250058190,31
250058200,31
250058211,31
250058221,31
250058231,31
250058241,31
250058251,31
250058261,31
250058271,31
250058281,31
250058292,31
250058302,31
250058312,31
250058323,31
250058333,31
250058343,31
250058353,31
250058363,31
250058373,31
250058383,31
250058394,31
250058404,31
250058414,31
250058424,31
250058435,31
250058445,31
250058455,31
250058466,31
250058476,31
250058486,31
250058496,31
250058507,31
250058517,31
250058527,31
250058537,31
250058547,31
250058557,31
250058567,31
250058577,31
250058587,31
250058597,31
250058608,31
250058618,31
250058628,31
250058638,31
250058648,31
250058659,31
250058669,31
250058680,31
250058690,31
250058701,31
250058711,31
250058721,31
250058731,31
250058741,31
250058752,31
250058762,31
250058773,31
250058783,31
250058794,31
250058804,31
250058814,31
250058824,31
250058835,31
250058845,31
250058855,31
250058865,31
250058875,31
250058885,31
250058896,31
250058906,31
250058916,31
250058926,31
250058936,31
250058947,31
250058957,31
250058967,31
250058978,31
250058989,31
250058999,31
250059009,31
250059019,31
250059030,31
250059042,31
250059052,31
250059062,31
250059072,31
250059082,31
250059092,31
250059102,31
250059112,31
250059122,31
250059132,31
250059142,31
250059152,31
250059162,31
250059172,31
250059182,31
250059192,31
250059202,31
250059212,31
250059222,31
250059233,31
250059243,31
250059253,31
250059263,33
250059274,33
250059284,33
250059294,33
250059305,33
250059315,33
250059325,33
250059335,33
250059345,33
250059355,33
250059365,33
250059375,33
250059386,33
250059396,33
250059407,33
250059417,33
250059428,33
250059438,33
250059449,33
250059459,33
250059470,33
250059480,33
250059491,33
250059501,33
250059511,33
250059521,33
250059531,33
250059541,33
250059551,33
250059562,33
250059572,33
250059582,33
250059592,34
250059603,34
250059613,34
250059623,34
250059633,34
250059644,34
250059654,34
250059664,34
250059674,34
250059684,34
250059694,34
250059704,35
250059715,35
250059725,35
250059735,35
250059746,35
250059757,35
250059767,35
250059777,35
250059789,35
250059799,35
250059809,35
250059820,35
250059830,35
250059840,35
250059850,35
250059860,35
250059870,35
250059880,35
250059890,35
250059901,35
250059912,35
250059922,35
250059932,35
250059943,35
250059953,36
250059964,36
250059974,36
250059985,36
250059996,36
250060007,36
250060017,36
250060028,36
250060038,36
250060048,36
250060059,36
250060070,36
250060080,36
250060090,36
250060101,36
250060111,36
250060121,36
250060131,36
250060141,36
250060151,36
250060161,36
250060171,36
250060181,36
250060192,36
250060202,36
250060213,36
250060223,36
250060233,36
250060243,36
250060253,36
250060264,36
250060274,36
250060284,36
250060294,36
250060305,36
250060315,37
250060325,37
250060335,37
250060346,37
250060356,37
250060366,37
250060376,37
250060386,37
250060396,37
250060406,37
250060416,37
250060427,37
250060437,37
250060448,37
250060458,37
250060468,37
250060479,37
250060489,37
250060499,37
250060509,37
250060519,37
250060529,37
250060540,37
250060550,37
250060560,37
250060571,37
250060581,37
250060592,37
250060602,37
250060612,37
250060623,37
250060633,37
250060644,37
250060654,37
250060664,37
250060674,37
250060684,37
250060694,37
250060705,37
250060716,37
250060726,37
250060737,37
250060747,37
250060758,37
250060768,37
250060778,37
250060788,37
250060798,37
250060808,37
250060818,37
250060828,37
250060839,37
250060849,37
250060859,37
250060869,37
250060879,37
250060889,37
250060899,37
250060909,37
250060919,37
250060930,37
250060940,37
250060951,37
250060961,37
250060972,37
250060983,37
250060993,37
250061004,37
250061014,37
250061024,37
250061034,37
250061044,37
250061055,37
250061065,37
250061075,37
250061086,37
250061097,37
250061108,37
250061118,37
250061128,37
250061138,37
250061148,37
250061158,37
250061168,37
250061179,37
250061189,37
250061200,37
250061211,37
250061221,37
250061232,37
250061242,37
250061253,37
250061263,37
250061273,38
250061283,38
250061293,38
250061303,38
250061313,38
250061323,38
250061334,38
250061344,38
250061354,38
250061364,38
250061374,38
250061384,38
250061394,38
250061404,38
250061414,38
250061424,39
250061434,39
250061445,39
250061455,39
250061466,39
250061476,39
250061486,39
250061497,39
250061507,39
250061517,39
250061528,39
250061538,39
250061548,39
250061558,39
250061568,39
250061578,39
250061588,39
250061599,39
250061609,39
250061619,39
250061630,39
250061640,39
250061651,39
250061661,39
250061671,39
250061681,39
250061692,39
250061702,39
250061713,39
250061723,39
250061733,39
250061743,39
250061753,39
250061763,39
250061774,39
250061784,39
250061794,39
250061805,39
250061815,39
250061826,39
250061836,39
250061847,39
250061857,39
250061867,39
250061877,39
250061887,39
250061897,39
250061907,39
250061917,39
250061928,39
250061938,39
250061948,39
250061959,39
250061969,39
250061979,39
250061989,39
250062000,39
250062010,39
250062021,39
250062031,39
250062041,39
250062051,39
250062061,39
250062071,39
250062082,39
250062092,39
250062102,39
250062112,39
250062123,39
250062133,40
250062144,40
250062154,40
250062164,40
250062174,40
250062184,40
250062194,40
250062204,40
250062214,40
250062225,40
250062235,40
250062246,40
250062256,40
250062267,40
250062277,40
250062287,40
250062297,40
250062307,40
250062318,40
250062328,40
250062338,40
250062348,40
250062359,40
250062369,40
250062380,40
250062390,40
250062401,40
250062411,40
250062422,40
250062432,40
250062442,40
250062452,40
250062462,40
250062472,40
250062482,40
250062492,40
250062502,40
250062512,40
250062523,40
250062533,40
250062544,41
250062554,41
250062565,41
250062575,41
250062585,41
250062596,41
250062606,41
250062616,41
250062626,41
250062637,41
250062647,41
250062658,41
250062668,41
250062679,41
250062689,41
250062700,41
250062710,41
250062720,41
250062730,41
250062740,41
250062750,41
250062760,41
250062770,41
250062780,41
250062790,41
250062800,41
250062810,41
250062821,41
250062831,41
250062841,41
250062851,41
250062861,41
250062872,41
250062884,41
250062894,41
250062905,41
250062915,41
250062926,41
250062936,41
250062946,41
250062956,41
250062966,41
250062976,41
250062986,41
250062997,41
250063007,41
250063017,41
250063027,41
250063037,41
250063047,41
250063057,41
250063068,41
250063078,41
250063088,41
250063098,41
250063109,41
250063119,41
250063130,41
250063140,41
250063151,41
250063162,41
250063173,41
250063183,41
250063193,41
250063203,41
250063214,41
250063224,41
250063235,41
250063246,41
250063256,41
250063266,41
250063276,41
250063286,41
250063296,41
250063306,41
250063317,41
250063327,41
250063338,41
250063348,41
250063359,41
250063369,42
250063379,42
250063389,42
250063399,42
250063410,42
250063420,42
250063431,42
250063441,42
250063452,42
250063462,42
250063472,42
250063483,42
250063493,42
250063503,42
250063513,42
250063523,42
250063533,42
250063543,42
250063553,42
250063564,42
250063574,42
250063584,42
250063594,42
250063605,42
250063615,42
250063625,42
250063636,42
250063646,42
250063656,42
250063666,42
250063676,42
250063686,43
250063696,43
250063706,43
250063716,43
250063726,43
250063736,43
250063747,43
250063757,43
250063767,43
250063777,43
250063787,43
250063797,43
250063808,43
250063818,43
250063829,43
250063839,43
250063850,43
250063860,43
250063870,43
250063880,43
250063890,43
250063901,43
250063911,43
250063922,43
250063932,43
250063942,43
250063953,43
250063963,43
250063973,43
250063983,43
250063994,43
250064004,43
250064014,44
250064024,44
250064034,44
250064044,44
250064055,44
250064066,44
250064076,44
250064086,44
250064097,44
250064107,44
250064118,44
250064129,44
250064139,44
250064149,44
250064159,44
250064169,44
250064180,44
250064190,44
250064200,44
250064211,44
250064222,44
250064232,44
250064242,44
250064252,44
250064262,44
250064272,44
250064282,44
250064292,44
250064302,44
250064312,44
250064322,44
250064332,44
250064342,44
250064352,44
250064362,44
250064372,44
250064382,44
250064392,44
250064402,44
250064413,44
250064423,44
250064434,44
250064444,44
250064455,44
250064465,44
250064475,44
250064486,44
250064497,44
250064507,44
250064517,44
250064527,44
250064538,44
250064548,44
250064558,44
250064568,44
250064578,44
250064589,44
250064599,44
250064609,44
250064619,44
250064630,44
250064640,44
250064651,44
250064661,44
250064671,44
250064681,44
250064692,44
250064702,44
250064712,44
250064723,44
250064734,44
250064744,44
250064754,44
250064765,44
250064776,44
250064786,44
250064796,44
250064806,44
250064816,44
250064826,44
250064837,44
250064847,44
250064858,44
250064868,44
250064878,44
250064888,44
250064898,44
250064908,44
250064918,44
250064928,44
250064938,44
250064949,44
250064959,44
250064970,44
250064980,44
250064991,44
250065001,44
250065012,44
250065022,44
250065033,44
250065043,44
250065054,44
250065064,44
250065074,44
250065085,44
250065095,44
250065105,44
250065116,44
250065126,44
250065136,44
250065146,44
250065156,44
250065166,44
250065177,44
250065187,44
250065198,44
250065208,44
250065219,44
250065229,44
250065239,44
250065249,44
250065259,44
250065269,44
250065279,44
250065289,45
250065300,45
250065310,45
250065320,45
250065330,45
250065340,45
250065350,45
250065360,45
250065370,45
250065380,45
250065391,45
250065401,46
250065411,46
250065421,46
250065431,46
250065441,46
250065451,46
250065461,46
250065471,46
250065481,46
250065491,46
250065502,46
250065512,46
250065523,46
250065533,46
250065543,46
250065554,46
250065564,46
250065574,46
250065584,46
250065594,46
250065604,46
250065615,46
250065625,46
250065635,46
250065645,46
250065655,46
250065666,46
250065677,46
250065687,46
250065697,46
250065707,46
250065718,46
250065728,46
250065739,46
250065749,46
250065759,46
250065769,46
250065779,46
250065789,46
250065799,46
250065810,46
250065820,46
250065831,46
250065841,46
250065852,46
250065862,46
250065872,46
250065883,46
250065893,46
250065904,46
250065914,46
250065924,46
250065934,46
250065944,46
250065955,46
250065965,46
250065976,46
250065986,46
250065997,46
250066007,46
250066017,46
250066027,46
250066037,46
250066047,46
250066058,46
250066068,46
250066079,46
250066089,46
250066100,46
250066110,46
250066121,46
250066131,46
250066141,46
250066151,46
250066161,46
250066171,46
250066181,46
250066191,46
250066201,46
250066212,46
250066222,46
250066233,46
250066243,46
250066253,46
250066264,46
250066275,46
250066286,46
250066296,46
250066306,46
250066317,46
250066327,46
250066337,46
250066347,46
250066357,46
250066367,46
250066378,46
250066388,46
250066399,46
250066409,46
250066419,46
250066430,46
250066440,46
250066450,46
250066460,46
250066470,46
250066480,46
250066490,46
250066500,46
250066511,46
250066522,46
250066532,46
250066542,46
250066552,46
250066562,46
250066573,46
250066583,46
250066593,46
250066604,46
250066614,46
250066624,46
250066635,46
250066645,46
250066655,46
250066666,46
250066676,46
250066686,46
250066697,46
250066707,46
250066717,46
250066728,46
250066738,46
250066748,46
250066758,46
250066768,46
250066778,46
250066788,46
250066798,46
250066809,46
250066819,46
250066830,46
250066840,46
250066851,46
250066861,46
250066871,46
250066881,46
250066891,46
250066902,46
250066912,46
250066922,46
250066932,46
250066942,46
250066952,46
250066962,46
250066972,47
250066982,47
250066993,47
250067003,47
250067013,47
250067024,47
250067034,47
250067045,47
250067055,47
250067065,47
250067075,47
250067085,47
250067095,47
250067105,47
250067115,47
250067125,47
250067136,47
250067146,47
250067156,47
250067167,47
250067178,47
250067189,47
250067199,47
250067210,47
250067221,47
250067231,47
250067242,47
250067252,47
250067263,47
250067273,47
250067284,47
250067294,47
250067305,47
250067315,47
250067325,47
250067335,47
250067345,47
250067355,47
250067365,47
250067376,47
250067386,47
250067396,47
250067406,47
250067416,47
250067426,47
250067436,47
250067446,47
250067457,47
250067468,47
250067478,47
250067488,47
250067498,47
250067509,47
250067519,47
250067529,47
250067539,47
250067549,47
250067559,47
250067569,47
250067579,47
250067589,47
250067599,47
250067609,47
250067619,47
250067629,47
250067640,47
250067650,47
250067661,47
250067671,47
250067681,47
250067692,47
250067702,47
250067712,47
250067722,47
250067732,47
250067743,47
250067754,47
250067764,47
250067774,47
250067784,47
250067794,47
250067805,47
250067815,47
250067825,47
250067835,47
250067846,47
250067856,47
250067868,47
250067879,47
250067889,47
250067900,47
250067910,47
250067921,47
250067931,47
250067941,47
250067951,47
250067961,47
250067971,47
250067981,47
250067992,47
250068002,47
250068012,47
250068022,47
250068033,47
250068043,47
250068053,47
250068064,47
250068074,47
250068084,47
250068094,47
250068104,47
250068115,47
250068126,47
250068136,47
250068146,47
250068156,47
250068166,47
250068176,47
250068186,47
250068196,47
250068207,47
250068217,47
250068228,47
250068238,47
250068249,47
250068259,47
250068269,47
250068279,47
250068289,47
250068299,47
250068309,47
250068319,47
250068329,47
250068340,47
250068350,47
250068360,47
250068370,47
250068380,47
250068390,47
250068401,47
250068411,47
250068422,47
250068432,47
250068442,47
250068452,47
250068462,47
250068473,47
250068483,47
250068494,47
250068504,47
250068515,47
250068526,47
250068536,47
250068546,47
250068556,48
250068566,48
250068576,48
250068587,48
250068597,48
250068607,49
250068617,49
250068627,49
250068637,49
250068648,49
250068658,49
250068669,49
250068679,49
250068689,49
250068699,49
250068709,49
250068720,49
250068730,49
250068741,49
250068751,49
250068762,49
250068772,49
250068782,49
250068792,49
250068802,49
250068813,49
250068823,49
250068833,49
250068843,49
250068853,49
250068864,49
250068874,49
250068884,49
250068894,49
250068904,49
250068915,49
250068925,49
250068936,49
250068946,49
250068957,49
250068967,49
250068977,49
250068987,49
250068997,50
250069008,50
250069018,50
250069028,50
250069038,50
250069048,50
250069058,50
250069068,50
250069079,51
250069089,51
250069099,51
250069110,51
250069120,51
250069130,51
250069140,51
250069150,51
250069160,52
250069171,52
250069181,52
250069191,52
250069201,52
250069211,52
250069222,52
250069232,52
250069243,52
250069253,52
250069263,52
250069273,52
250069284,52
250069294,52
250069304,52
250069314,52
250069324,52
250069334,52
250069345,52
250069355,52
250069366,52
250069376,52
250069387,52
250069397,52
250069407,52
250069417,52
250069428,52
250069438,52
250069449,52
250069459,52
250069469,52
250069480,52
250069490,52
250069500,52
250069510,52
250069520,52
250069530,52
250069540,52
250069550,52
250069560,52
250069571,52
250069581,52
250069591,52
250069601,52
250069611,52
250069622,52
250069632,52
250069642,52
250069652,52
250069662,52
250069672,52
250069682,52
250069692,52
250069702,52
250069712,52
250069722,52
250069732,52
250069742,52
250069752,52
250069763,52
250069773,52
250069783,52
250069793,52
250069803,52
250069814,52
250069824,52
250069835,52
250069845,52
250069855,52
250069866,52
250069876,52
250069886,52
250069896,52
250069906,52
250069917,52
250069927,52
250069937,52
250069948,52
250069958,52
250069968,52
250069978,52
250069988,52
250069999,52
250070009,52
250070019,52
250070029,52
250070039,52
250070049,52
250070059,52
250070069,52
250070080,52
250070090,52
250070100,52
250070110,52
250070121,52
250070132,52
250070143,52
250070153,52
250070164,52
250070174,52
250070184,52
250070194,52
250070204,52
250070214,52
250070224,52
250070234,52
250070245,52
250070255,52
250070266,52
250070276,52
250070286,52
250070296,52
250070306,52
250070316,52
250070326,53
250070337,53
250070347,53
250070357,53
250070368,53
250070378,53
250070389,53
250070399,53
250070410,53
250070420,53
250070430,53
250070440,53
250070450,53
250070460,53
250070470,53
250070480,53
250070490,53
250070500,53
250070510,53
250070520,53
250070530,53
250070540,53
250070550,53
250070560,53
250070570,53
250070581,53
250070591,53
250070601,53
250070611,53
250070621,53
250070631,53
250070642,53
250070652,53
250070662,53
250070672,53
250070682,54
250070692,54
250070702,54
250070713,54
250070723,54
250070733,54
250070743,54
250070753,54
250070764,54
250070774,54
250070784,54
250070794,54
250070805,54
250070815,54
250070825,54
250070836,54
250070846,54
250070856,54
250070867,54
250070878,54
250070888,54
250070898,54
250070909,54
250070919,54
250070929,54
250070939,54
250070949,54
250070959,54
250070970,54
250070980,54
250070991,54
250071001,54
250071012,54
250071022,54
250071032,54
250071042,54
250071052,54
250071062,54
250071072,54
250071082,54
250071092,54
250071102,54
250071113,54
250071124,55
250071134,55
250071145,55
250071155,55
250071165,55
250071175,55
250071185,55
250071195,55
250071205,55
250071215,55
250071225,55
250071235,55
250071245,55
250071256,55
250071266,55
250071276,55
250071286,55
250071296,55
250071306,55
250071316,55
250071327,55
250071337,55
250071348,55
250071358,55
250071369,55
250071379,55
250071390,55
250071400,55
250071410,55
250071420,55
250071430,55
250071440,55
250071450,55
250071460,55
250071470,55
250071480,55
250071490,55
250071500,55
250071510,55
250071520,55
250071530,55
250071541,55
250071551,55
250071561,55
250071571,55
250071581,55
250071592,55
250071602,55
250071613,55
250071624,55
250071634,55
250071644,55
250071654,55
250071665,55
250071675,55
250071686,55
250071696,55
250071707,55
250071717,55
250071727,55
250071737,55
250071747,55
250071757,55
250071767,55
250071778,55
250071788,55
250071798,55
250071808,55
250071818,55
250071828,55
250071838,55
250071848,55
250071858,55
250071869,55
250071879,55
250071889,55
250071899,55
250071909,55
250071919,55
250071929,55
250071940,55
250071951,55
250071961,55
250071972,55
250071983,55
250071993,55
250072003,55
250072013,55
250072023,55
250072033,55
250072043,55
250072053,55
250072063,55
250072073,55
250072083,55
250072093,55
250072103,55
250072113,55
250072123,55
250072133,55
250072144,55
250072154,55
250072165,55
250072175,55
250072185,55
250072196,55
250072206,55
250072217,55
250072227,55
250072238,55
250072248,55
250072258,55
250072268,55
250072278,55
250072288,55
250072299,55
250072309,55
250072320,55
250072330,55
250072340,55
250072351,55
250072361,55
250072372,55
250072382,55
250072392,55
250072402,55
250072413,55
250072423,55
250072434,55
250072444,55
250072454,55
250072464,55
250072474,55
250072484,55
250072494,55
250072504,55
250072514,55
250072526,55
250072536,55
250072547,55
250072558,55
250072568,55
250072579,55
250072589,55
250072599,55
250072610,55
250072620,55
250072631,55
250072641,55
250072651,55
250072662,55
250072672,55
250072683,55
250072693,55
250072703,55
250072713,55
250072724,55
250072734,55
250072744,55
250072754,55
250072765,55
250072775,55
250072785,55
250072795,55
250072805,55
250072816,55
250072827,55
250072838,55
250072848,55
250072858,55
250072868,55
250072878,55
250072889,55
250072900,55
250072910,55
250072920,55
250072931,55
250072941,55
250072951,55
250072961,55
250072972,55
250072982,55
250072993,55
250073003,55
250073014,55
250073024,55
250073034,55
250073044,55
250073054,55
250073065,55
250073075,55
250073086,55
250073096,55
250073106,55
250073116,55
250073126,55
250073136,55
250073146,55
250073156,55
250073167,55
250073177,55
250073188,55
250073198,55
250073209,56
250073219,56
250073229,56
250073239,56
250073249,56
250073259,56
250073270,56
250073280,56
250073290,56
250073301,56
250073311,56
250073322,56
250073332,56
250073343,56
250073353,56
250073363,56
250073373,56
250073383,56
250073393,56
250073403,56
250073414,56
250073424,56
250073435,56
250073445,56
250073455,56
250073465,56
250073475,56
250073485,56
250073495,56
250073506,56
250073516,56
250073526,56
250073537,56
250073547,56
250073558,56
250073568,56
250073579,56
250073589,56
250073599,56
250073609,56
250073619,56
250073629,56
250073639,56
250073650,56
250073660,56
250073670,56
250073681,56
250073691,56
250073701,56
250073711,56
250073721,56
250073731,56
250073741,56
250073751,56
250073761,56
250073771,56
250073781,56
250073791,56
250073802,56
250073813,56
250073823,56
250073834,56
250073844,56
250073854,56
250073864,56
250073874,56
250073885,56
250073895,56
250073905,56
250073915,56
250073926,56
250073936,56
250073946,56
250073956,56
250073967,56
250073977,56
250073987,56
250073997,56
250074007,56
250074017,56
250074028,56
250074038,56
250074048,56
250074058,56
250074068,56
250074078,56
250074088,56
250074098,56
250074108,56
250074118,56
250074128,56
250074138,56
250074148,56
250074158,56
250074169,56
250074179,56
250074190,56
250074200,56
250074211,56
250074221,56
250074232,56
250074242,56
250074253,56
250074263,56
250074274,56
250074284,56
250074294,56
250074305,56
250074315,56
250074325,56
250074335,56
250074345,57
250074355,57
250074365,57
250074375,57
250074385,57
250074396,57
250074406,57
250074417,57
250074427,57
250074437,57
250074447,57
250074457,57
250074467,57
250074477,57
250074487,57
250074497,57
250074508,57
250074518,57
250074528,57
250074538,57
250074548,57
250074558,57
250074568,57
250074578,57
250074588,57
250074598,57
250074608,57
250074618,57
250074628,57
250074638,57
250074648,57
250074659,57
250074669,57
250074679,57
250074689,57
250074699,57
250074709,57
250074719,57
250074730,57
250074740,57
250074750,57
250074761,57
250074771,57
250074781,57
250074791,57
250074802,57
250074812,58
250074823,58
250074834,58
250074844,58
250074854,58
250074864,58
250074874,58
250074884,58
250074894,58
250074904,58
250074914,58
250074924,58
250074934,58
250074944,58
250074954,58
250074965,58
250074975,58
250074985,58
250074995,58
250075005,58
250075015,58
250075025,58
250075035,58
250075046,58
250075056,58
250075067,58
250075077,58
250075087,58
250075098,58
250075108,58
250075118,58
250075129,58
250075140,58
250075150,58
250075161,58
250075171,58
250075181,58
250075192,58
250075202,58
250075213,58
250075223,58
250075233,58
250075244,58
250075254,58
250075264,58
250075274,58
250075284,58
250075294,58
250075304,59
250075314,59
250075324,59
250075334,59
250075344,59
250075354,59
250075364,59
250075374,59
250075384,59
250075394,59
250075404,59
250075414,59
250075425,59
250075435,59
250075445,59
250075455,59
250075466,59
250075476,59
250075486,59
250075497,59
250075507,59
250075517,59
250075528,59
250075538,59
250075549,59
250075559,59
250075569,59
250075579,59
250075589,59
250075599,60
250075609,60
250075619,60
250075629,60
250075639,60
250075649,60
250075659,60
250075670,60
250075680,60
250075691,60
250075701,60
250075712,60
250075722,60
250075732,60
250075742,60
250075753,61
250075763,61
250075773,61
250075783,61
250075793,61
250075803,61
250075813,61
250075824,61
250075834,61
250075844,61
250075854,61
250075865,61
250075876,61
250075886,61
250075897,61
250075907,61
250075918,61
250075928,61
250075939,61
250075949,61
250075959,61
250075969,61
250075979,61
250075990,61
250076000,61
250076011,61
250076021,61
250076031,61
250076042,61
250076052,61
250076063,61
250076073,61
250076083,61
250076094,61
250076104,61
250076114,61
250076124,61
250076134,61
250076145,61
250076155,61
250076166,61
250076176,61
250076186,61
250076197,61
250076208,61
250076218,61
250076229,61
250076239,61
250076249,61
250076259,61
250076269,61
250076279,61
250076289,61
250076299,61
250076309,61
250076319,61
250076329,61
250076340,61
250076351,61
250076361,61
250076372,61
250076382,61
250076392,61
250076402,61
250076412,61
250076423,61
250076433,61
250076443,61
250076454,61
250076464,61
250076474,61
250076484,61
250076494,61
250076505,61
250076515,61
250076525,61
250076535,61
250076545,61
250076555,61
250076565,61
250076575,61
250076586,61
250076596,61
250076606,61
250076617,61
250076628,61
250076638,61
250076648,61
250076658,61
250076668,61
250076678,61
250076688,61
250076699,61
250076710,61
250076720,61
250076731,61
250076741,61
250076751,61
250076761,61
250076772,61
250076782,61
250076793,61
250076803,61
250076814,61
250076824,61
250076835,61
250076845,61
250076855,61
250076865,61
250076875,61
250076885,61
250076895,61
250076905,61
250076915,61
250076925,61
250076935,61
250076946,61
250076956,61
250076966,61
250076977,61
250076987,61
250076998,61
250077008,61
250077018,61
250077028,61
250077038,61
